50
0 (0, 0)
1 (0, 1)
2 (0, 2)
3 (0, 3)
4 (0, 4)
5 (0, 5)
6 (0, 6)
7 (0, 7)
8 (0, 8)
9 (0, 9)
10 (0, 10)
11 (0, 11)
12 (0, 12)
13 (0, 13)
14 (0, 14)
15 (0, 15)
16 (0, 16)
17 (0, 17)
18 (0, 18)
19 (0, 19)
20 (0, 20)
21 (0, 21)
22 (0, 22)
23 (0, 23)
24 (0, 24)
25 (0, 25)
26 (0, 26)
27 (0, 27)
28 (0, 28)
29 (0, 29)
30 (0, 30)
31 (0, 31)
32 (0, 32)
33 (0, 33)
34 (0, 34)
35 (0, 35)
36 (0, 36)
37 (0, 37)
38 (0, 38)
39 (0, 39)
40 (0, 40)
41 (0, 41)
42 (0, 42)
43 (0, 43)
44 (0, 44)
45 (0, 45)
46 (0, 46)
47 (0, 47)
48 (0, 48)
49 (0, 49)
50 (1, 0)
51 (1, 1)
52 (1, 2)
53 (1, 3)
54 (1, 4)
55 (1, 5)
56 (1, 6)
57 (1, 7)
58 (1, 8)
59 (1, 9)
60 (1, 10)
61 (1, 11)
62 (1, 12)
63 (1, 13)
64 (1, 14)
65 (1, 15)
66 (1, 16)
67 (1, 17)
68 (1, 18)
69 (1, 19)
70 (1, 20)
71 (1, 21)
72 (1, 22)
73 (1, 23)
74 (1, 24)
75 (1, 25)
76 (1, 26)
77 (1, 27)
78 (1, 28)
79 (1, 29)
80 (1, 30)
81 (1, 31)
82 (1, 32)
83 (1, 33)
84 (1, 34)
85 (1, 35)
86 (1, 36)
87 (1, 37)
88 (1, 38)
89 (1, 39)
90 (1, 40)
91 (1, 41)
92 (1, 42)
93 (1, 43)
94 (1, 44)
95 (1, 45)
96 (1, 46)
97 (1, 47)
98 (1, 48)
99 (1, 49)
100 (2, 0)
101 (2, 1)
102 (2, 2)
103 (2, 3)
104 (2, 4)
105 (2, 5)
106 (2, 6)
107 (2, 7)
108 (2, 8)
109 (2, 9)
110 (2, 10)
111 (2, 11)
112 (2, 12)
113 (2, 13)
114 (2, 14)
115 (2, 15)
116 (2, 16)
117 (2, 17)
118 (2, 18)
119 (2, 19)
120 (2, 20)
121 (2, 21)
122 (2, 22)
123 (2, 23)
124 (2, 24)
125 (2, 25)
126 (2, 26)
127 (2, 27)
128 (2, 28)
129 (2, 29)
130 (2, 30)
131 (2, 31)
132 (2, 32)
133 (2, 33)
134 (2, 34)
135 (2, 35)
136 (2, 36)
137 (2, 37)
138 (2, 38)
139 (2, 39)
140 (2, 40)
141 (2, 41)
142 (2, 42)
143 (2, 43)
144 (2, 44)
145 (2, 45)
146 (2, 46)
147 (2, 47)
148 (2, 48)
149 (2, 49)
150 (3, 0)
151 (3, 1)
152 (3, 2)
153 (3, 3)
154 (3, 4)
155 (3, 5)
156 (3, 6)
157 (3, 7)
158 (3, 8)
159 (3, 9)
160 (3, 10)
161 (3, 11)
162 (3, 12)
163 (3, 13)
164 (3, 14)
165 (3, 15)
166 (3, 16)
167 (3, 17)
168 (3, 18)
169 (3, 19)
170 (3, 20)
171 (3, 21)
172 (3, 22)
173 (3, 23)
174 (3, 24)
175 (3, 25)
176 (3, 26)
177 (3, 27)
178 (3, 28)
179 (3, 29)
180 (3, 30)
181 (3, 31)
182 (3, 32)
183 (3, 33)
184 (3, 34)
185 (3, 35)
186 (3, 36)
187 (3, 37)
188 (3, 38)
189 (3, 39)
190 (3, 40)
191 (3, 41)
192 (3, 42)
193 (3, 43)
194 (3, 44)
195 (3, 45)
196 (3, 46)
197 (3, 47)
198 (3, 48)
199 (3, 49)
200 (4, 0)
201 (4, 1)
202 (4, 2)
203 (4, 3)
204 (4, 4)
205 (4, 5)
206 (4, 6)
207 (4, 7)
208 (4, 8)
209 (4, 9)
210 (4, 10)
211 (4, 11)
212 (4, 12)
213 (4, 13)
214 (4, 14)
215 (4, 15)
216 (4, 16)
217 (4, 17)
218 (4, 18)
219 (4, 19)
220 (4, 20)
221 (4, 21)
222 (4, 22)
223 (4, 23)
224 (4, 24)
225 (4, 25)
226 (4, 26)
227 (4, 27)
228 (4, 28)
229 (4, 29)
230 (4, 30)
231 (4, 31)
232 (4, 32)
233 (4, 33)
234 (4, 34)
235 (4, 35)
236 (4, 36)
237 (4, 37)
238 (4, 38)
239 (4, 39)
240 (4, 40)
241 (4, 41)
242 (4, 42)
243 (4, 43)
244 (4, 44)
245 (4, 45)
246 (4, 46)
247 (4, 47)
248 (4, 48)
249 (4, 49)
250 (5, 0)
251 (5, 1)
252 (5, 2)
253 (5, 3)
254 (5, 4)
255 (5, 5)
256 (5, 6)
257 (5, 7)
258 (5, 8)
259 (5, 9)
260 (5, 10)
261 (5, 11)
262 (5, 12)
263 (5, 13)
264 (5, 14)
265 (5, 15)
266 (5, 16)
267 (5, 17)
268 (5, 18)
269 (5, 19)
270 (5, 20)
271 (5, 21)
272 (5, 22)
273 (5, 23)
274 (5, 24)
275 (5, 25)
276 (5, 26)
277 (5, 27)
278 (5, 28)
279 (5, 29)
280 (5, 30)
281 (5, 31)
282 (5, 32)
283 (5, 33)
284 (5, 34)
285 (5, 35)
286 (5, 36)
287 (5, 37)
288 (5, 38)
289 (5, 39)
290 (5, 40)
291 (5, 41)
292 (5, 42)
293 (5, 43)
294 (5, 44)
295 (5, 45)
296 (5, 46)
297 (5, 47)
298 (5, 48)
299 (5, 49)
300 (6, 0)
301 (6, 1)
302 (6, 2)
303 (6, 3)
304 (6, 4)
305 (6, 5)
306 (6, 6)
307 (6, 7)
308 (6, 8)
309 (6, 9)
310 (6, 10)
311 (6, 11)
312 (6, 12)
313 (6, 13)
314 (6, 14)
315 (6, 15)
316 (6, 16)
317 (6, 17)
318 (6, 18)
319 (6, 19)
320 (6, 20)
321 (6, 21)
322 (6, 22)
323 (6, 23)
324 (6, 24)
325 (6, 25)
326 (6, 26)
327 (6, 27)
328 (6, 28)
329 (6, 29)
330 (6, 30)
331 (6, 31)
332 (6, 32)
333 (6, 33)
334 (6, 34)
335 (6, 35)
336 (6, 36)
337 (6, 37)
338 (6, 38)
339 (6, 39)
340 (6, 40)
341 (6, 41)
342 (6, 42)
343 (6, 43)
344 (6, 44)
345 (6, 45)
346 (6, 46)
347 (6, 47)
348 (6, 48)
349 (6, 49)
350 (7, 0)
351 (7, 1)
352 (7, 2)
353 (7, 3)
354 (7, 4)
355 (7, 5)
356 (7, 6)
357 (7, 7)
358 (7, 8)
359 (7, 9)
360 (7, 10)
361 (7, 11)
362 (7, 12)
363 (7, 13)
364 (7, 14)
365 (7, 15)
366 (7, 16)
367 (7, 17)
368 (7, 18)
369 (7, 19)
370 (7, 20)
371 (7, 21)
372 (7, 22)
373 (7, 23)
374 (7, 24)
375 (7, 25)
376 (7, 26)
377 (7, 27)
378 (7, 28)
379 (7, 29)
380 (7, 30)
381 (7, 31)
382 (7, 32)
383 (7, 33)
384 (7, 34)
385 (7, 35)
386 (7, 36)
387 (7, 37)
388 (7, 38)
389 (7, 39)
390 (7, 40)
391 (7, 41)
392 (7, 42)
393 (7, 43)
394 (7, 44)
395 (7, 45)
396 (7, 46)
397 (7, 47)
398 (7, 48)
399 (7, 49)
400 (8, 0)
401 (8, 1)
402 (8, 2)
403 (8, 3)
404 (8, 4)
405 (8, 5)
406 (8, 6)
407 (8, 7)
408 (8, 8)
409 (8, 9)
410 (8, 10)
411 (8, 11)
412 (8, 12)
413 (8, 13)
414 (8, 14)
415 (8, 15)
416 (8, 16)
417 (8, 17)
418 (8, 18)
419 (8, 19)
420 (8, 20)
421 (8, 21)
422 (8, 22)
423 (8, 23)
424 (8, 24)
425 (8, 25)
426 (8, 26)
427 (8, 27)
428 (8, 28)
429 (8, 29)
430 (8, 30)
431 (8, 31)
432 (8, 32)
433 (8, 33)
434 (8, 34)
435 (8, 35)
436 (8, 36)
437 (8, 37)
438 (8, 38)
439 (8, 39)
440 (8, 40)
441 (8, 41)
442 (8, 42)
443 (8, 43)
444 (8, 44)
445 (8, 45)
446 (8, 46)
447 (8, 47)
448 (8, 48)
449 (8, 49)
450 (9, 0)
451 (9, 1)
452 (9, 2)
453 (9, 3)
454 (9, 4)
455 (9, 5)
456 (9, 6)
457 (9, 7)
458 (9, 8)
459 (9, 9)
460 (9, 10)
461 (9, 11)
462 (9, 12)
463 (9, 13)
464 (9, 14)
465 (9, 15)
466 (9, 16)
467 (9, 17)
468 (9, 18)
469 (9, 19)
470 (9, 20)
471 (9, 21)
472 (9, 22)
473 (9, 23)
474 (9, 24)
475 (9, 25)
476 (9, 26)
477 (9, 27)
478 (9, 28)
479 (9, 29)
480 (9, 30)
481 (9, 31)
482 (9, 32)
483 (9, 33)
484 (9, 34)
485 (9, 35)
486 (9, 36)
487 (9, 37)
488 (9, 38)
489 (9, 39)
490 (9, 40)
491 (9, 41)
492 (9, 42)
493 (9, 43)
494 (9, 44)
495 (9, 45)
496 (9, 46)
497 (9, 47)
498 (9, 48)
499 (9, 49)
500 (10, 0)
501 (10, 1)
502 (10, 2)
503 (10, 3)
504 (10, 4)
505 (10, 5)
506 (10, 6)
507 (10, 7)
508 (10, 8)
509 (10, 9)
510 (10, 10)
511 (10, 11)
512 (10, 12)
513 (10, 13)
514 (10, 14)
515 (10, 15)
516 (10, 16)
517 (10, 17)
518 (10, 18)
519 (10, 19)
520 (10, 20)
521 (10, 21)
522 (10, 22)
523 (10, 23)
524 (10, 24)
525 (10, 25)
526 (10, 26)
527 (10, 27)
528 (10, 28)
529 (10, 29)
530 (10, 30)
531 (10, 31)
532 (10, 32)
533 (10, 33)
534 (10, 34)
535 (10, 35)
536 (10, 36)
537 (10, 37)
538 (10, 38)
539 (10, 39)
540 (10, 40)
541 (10, 41)
542 (10, 42)
543 (10, 43)
544 (10, 44)
545 (10, 45)
546 (10, 46)
547 (10, 47)
548 (10, 48)
549 (10, 49)
550 (11, 0)
551 (11, 1)
552 (11, 2)
553 (11, 3)
554 (11, 4)
555 (11, 5)
556 (11, 6)
557 (11, 7)
558 (11, 8)
559 (11, 9)
560 (11, 10)
561 (11, 11)
562 (11, 12)
563 (11, 13)
564 (11, 14)
565 (11, 15)
566 (11, 16)
567 (11, 17)
568 (11, 18)
569 (11, 19)
570 (11, 20)
571 (11, 21)
572 (11, 22)
573 (11, 23)
574 (11, 24)
575 (11, 25)
576 (11, 26)
577 (11, 27)
578 (11, 28)
579 (11, 29)
580 (11, 30)
581 (11, 31)
582 (11, 32)
583 (11, 33)
584 (11, 34)
585 (11, 35)
586 (11, 36)
587 (11, 37)
588 (11, 38)
589 (11, 39)
590 (11, 40)
591 (11, 41)
592 (11, 42)
593 (11, 43)
594 (11, 44)
595 (11, 45)
596 (11, 46)
597 (11, 47)
598 (11, 48)
599 (11, 49)
600 (12, 0)
601 (12, 1)
602 (12, 2)
603 (12, 3)
604 (12, 4)
605 (12, 5)
606 (12, 6)
607 (12, 7)
608 (12, 8)
609 (12, 9)
610 (12, 10)
611 (12, 11)
612 (12, 12)
613 (12, 13)
614 (12, 14)
615 (12, 15)
616 (12, 16)
617 (12, 17)
618 (12, 18)
619 (12, 19)
620 (12, 20)
621 (12, 21)
622 (12, 22)
623 (12, 23)
624 (12, 24)
625 (12, 25)
626 (12, 26)
627 (12, 27)
628 (12, 28)
629 (12, 29)
630 (12, 30)
631 (12, 31)
632 (12, 32)
633 (12, 33)
634 (12, 34)
635 (12, 35)
636 (12, 36)
637 (12, 37)
638 (12, 38)
639 (12, 39)
640 (12, 40)
641 (12, 41)
642 (12, 42)
643 (12, 43)
644 (12, 44)
645 (12, 45)
646 (12, 46)
647 (12, 47)
648 (12, 48)
649 (12, 49)
650 (13, 0)
651 (13, 1)
652 (13, 2)
653 (13, 3)
654 (13, 4)
655 (13, 5)
656 (13, 6)
657 (13, 7)
658 (13, 8)
659 (13, 9)
660 (13, 10)
661 (13, 11)
662 (13, 12)
663 (13, 13)
664 (13, 14)
665 (13, 15)
666 (13, 16)
667 (13, 17)
668 (13, 18)
669 (13, 19)
670 (13, 20)
671 (13, 21)
672 (13, 22)
673 (13, 23)
674 (13, 24)
675 (13, 25)
676 (13, 26)
677 (13, 27)
678 (13, 28)
679 (13, 29)
680 (13, 30)
681 (13, 31)
682 (13, 32)
683 (13, 33)
684 (13, 34)
685 (13, 35)
686 (13, 36)
687 (13, 37)
688 (13, 38)
689 (13, 39)
690 (13, 40)
691 (13, 41)
692 (13, 42)
693 (13, 43)
694 (13, 44)
695 (13, 45)
696 (13, 46)
697 (13, 47)
698 (13, 48)
699 (13, 49)
700 (14, 0)
701 (14, 1)
702 (14, 2)
703 (14, 3)
704 (14, 4)
705 (14, 5)
706 (14, 6)
707 (14, 7)
708 (14, 8)
709 (14, 9)
710 (14, 10)
711 (14, 11)
712 (14, 12)
713 (14, 13)
714 (14, 14)
715 (14, 15)
716 (14, 16)
717 (14, 17)
718 (14, 18)
719 (14, 19)
720 (14, 20)
721 (14, 21)
722 (14, 22)
723 (14, 23)
724 (14, 24)
725 (14, 25)
726 (14, 26)
727 (14, 27)
728 (14, 28)
729 (14, 29)
730 (14, 30)
731 (14, 31)
732 (14, 32)
733 (14, 33)
734 (14, 34)
735 (14, 35)
736 (14, 36)
737 (14, 37)
738 (14, 38)
739 (14, 39)
740 (14, 40)
741 (14, 41)
742 (14, 42)
743 (14, 43)
744 (14, 44)
745 (14, 45)
746 (14, 46)
747 (14, 47)
748 (14, 48)
749 (14, 49)
750 (15, 0)
751 (15, 1)
752 (15, 2)
753 (15, 3)
754 (15, 4)
755 (15, 5)
756 (15, 6)
757 (15, 7)
758 (15, 8)
759 (15, 9)
760 (15, 10)
761 (15, 11)
762 (15, 12)
763 (15, 13)
764 (15, 14)
765 (15, 15)
766 (15, 16)
767 (15, 17)
768 (15, 18)
769 (15, 19)
770 (15, 20)
771 (15, 21)
772 (15, 22)
773 (15, 23)
774 (15, 24)
775 (15, 25)
776 (15, 26)
777 (15, 27)
778 (15, 28)
779 (15, 29)
780 (15, 30)
781 (15, 31)
782 (15, 32)
783 (15, 33)
784 (15, 34)
785 (15, 35)
786 (15, 36)
787 (15, 37)
788 (15, 38)
789 (15, 39)
790 (15, 40)
791 (15, 41)
792 (15, 42)
793 (15, 43)
794 (15, 44)
795 (15, 45)
796 (15, 46)
797 (15, 47)
798 (15, 48)
799 (15, 49)
800 (16, 0)
801 (16, 1)
802 (16, 2)
803 (16, 3)
804 (16, 4)
805 (16, 5)
806 (16, 6)
807 (16, 7)
808 (16, 8)
809 (16, 9)
810 (16, 10)
811 (16, 11)
812 (16, 12)
813 (16, 13)
814 (16, 14)
815 (16, 15)
816 (16, 16)
817 (16, 17)
818 (16, 18)
819 (16, 19)
820 (16, 20)
821 (16, 21)
822 (16, 22)
823 (16, 23)
824 (16, 24)
825 (16, 25)
826 (16, 26)
827 (16, 27)
828 (16, 28)
829 (16, 29)
830 (16, 30)
831 (16, 31)
832 (16, 32)
833 (16, 33)
834 (16, 34)
835 (16, 35)
836 (16, 36)
837 (16, 37)
838 (16, 38)
839 (16, 39)
840 (16, 40)
841 (16, 41)
842 (16, 42)
843 (16, 43)
844 (16, 44)
845 (16, 45)
846 (16, 46)
847 (16, 47)
848 (16, 48)
849 (16, 49)
850 (17, 0)
851 (17, 1)
852 (17, 2)
853 (17, 3)
854 (17, 4)
855 (17, 5)
856 (17, 6)
857 (17, 7)
858 (17, 8)
859 (17, 9)
860 (17, 10)
861 (17, 11)
862 (17, 12)
863 (17, 13)
864 (17, 14)
865 (17, 15)
866 (17, 16)
867 (17, 17)
868 (17, 18)
869 (17, 19)
870 (17, 20)
871 (17, 21)
872 (17, 22)
873 (17, 23)
874 (17, 24)
875 (17, 25)
876 (17, 26)
877 (17, 27)
878 (17, 28)
879 (17, 29)
880 (17, 30)
881 (17, 31)
882 (17, 32)
883 (17, 33)
884 (17, 34)
885 (17, 35)
886 (17, 36)
887 (17, 37)
888 (17, 38)
889 (17, 39)
890 (17, 40)
891 (17, 41)
892 (17, 42)
893 (17, 43)
894 (17, 44)
895 (17, 45)
896 (17, 46)
897 (17, 47)
898 (17, 48)
899 (17, 49)
900 (18, 0)
901 (18, 1)
902 (18, 2)
903 (18, 3)
904 (18, 4)
905 (18, 5)
906 (18, 6)
907 (18, 7)
908 (18, 8)
909 (18, 9)
910 (18, 10)
911 (18, 11)
912 (18, 12)
913 (18, 13)
914 (18, 14)
915 (18, 15)
916 (18, 16)
917 (18, 17)
918 (18, 18)
919 (18, 19)
920 (18, 20)
921 (18, 21)
922 (18, 22)
923 (18, 23)
924 (18, 24)
925 (18, 25)
926 (18, 26)
927 (18, 27)
928 (18, 28)
929 (18, 29)
930 (18, 30)
931 (18, 31)
932 (18, 32)
933 (18, 33)
934 (18, 34)
935 (18, 35)
936 (18, 36)
937 (18, 37)
938 (18, 38)
939 (18, 39)
940 (18, 40)
941 (18, 41)
942 (18, 42)
943 (18, 43)
944 (18, 44)
945 (18, 45)
946 (18, 46)
947 (18, 47)
948 (18, 48)
949 (18, 49)
950 (19, 0)
951 (19, 1)
952 (19, 2)
953 (19, 3)
954 (19, 4)
955 (19, 5)
956 (19, 6)
957 (19, 7)
958 (19, 8)
959 (19, 9)
960 (19, 10)
961 (19, 11)
962 (19, 12)
963 (19, 13)
964 (19, 14)
965 (19, 15)
966 (19, 16)
967 (19, 17)
968 (19, 18)
969 (19, 19)
970 (19, 20)
971 (19, 21)
972 (19, 22)
973 (19, 23)
974 (19, 24)
975 (19, 25)
976 (19, 26)
977 (19, 27)
978 (19, 28)
979 (19, 29)
980 (19, 30)
981 (19, 31)
982 (19, 32)
983 (19, 33)
984 (19, 34)
985 (19, 35)
986 (19, 36)
987 (19, 37)
988 (19, 38)
989 (19, 39)
990 (19, 40)
991 (19, 41)
992 (19, 42)
993 (19, 43)
994 (19, 44)
995 (19, 45)
996 (19, 46)
997 (19, 47)
998 (19, 48)
999 (19, 49)
1000 (20, 0)
1001 (20, 1)
1002 (20, 2)
1003 (20, 3)
1004 (20, 4)
1005 (20, 5)
1006 (20, 6)
1007 (20, 7)
1008 (20, 8)
1009 (20, 9)
1010 (20, 10)
1011 (20, 11)
1012 (20, 12)
1013 (20, 13)
1014 (20, 14)
1015 (20, 15)
1016 (20, 16)
1017 (20, 17)
1018 (20, 18)
1019 (20, 19)
1020 (20, 20)
1021 (20, 21)
1022 (20, 22)
1023 (20, 23)
1024 (20, 24)
1025 (20, 25)
1026 (20, 26)
1027 (20, 27)
1028 (20, 28)
1029 (20, 29)
1030 (20, 30)
1031 (20, 31)
1032 (20, 32)
1033 (20, 33)
1034 (20, 34)
1035 (20, 35)
1036 (20, 36)
1037 (20, 37)
1038 (20, 38)
1039 (20, 39)
1040 (20, 40)
1041 (20, 41)
1042 (20, 42)
1043 (20, 43)
1044 (20, 44)
1045 (20, 45)
1046 (20, 46)
1047 (20, 47)
1048 (20, 48)
1049 (20, 49)
1050 (21, 0)
1051 (21, 1)
1052 (21, 2)
1053 (21, 3)
1054 (21, 4)
1055 (21, 5)
1056 (21, 6)
1057 (21, 7)
1058 (21, 8)
1059 (21, 9)
1060 (21, 10)
1061 (21, 11)
1062 (21, 12)
1063 (21, 13)
1064 (21, 14)
1065 (21, 15)
1066 (21, 16)
1067 (21, 17)
1068 (21, 18)
1069 (21, 19)
1070 (21, 20)
1071 (21, 21)
1072 (21, 22)
1073 (21, 23)
1074 (21, 24)
1075 (21, 25)
1076 (21, 26)
1077 (21, 27)
1078 (21, 28)
1079 (21, 29)
1080 (21, 30)
1081 (21, 31)
1082 (21, 32)
1083 (21, 33)
1084 (21, 34)
1085 (21, 35)
1086 (21, 36)
1087 (21, 37)
1088 (21, 38)
1089 (21, 39)
1090 (21, 40)
1091 (21, 41)
1092 (21, 42)
1093 (21, 43)
1094 (21, 44)
1095 (21, 45)
1096 (21, 46)
1097 (21, 47)
1098 (21, 48)
1099 (21, 49)
1100 (22, 0)
1101 (22, 1)
1102 (22, 2)
1103 (22, 3)
1104 (22, 4)
1105 (22, 5)
1106 (22, 6)
1107 (22, 7)
1108 (22, 8)
1109 (22, 9)
1110 (22, 10)
1111 (22, 11)
1112 (22, 12)
1113 (22, 13)
1114 (22, 14)
1115 (22, 15)
1116 (22, 16)
1117 (22, 17)
1118 (22, 18)
1119 (22, 19)
1120 (22, 20)
1121 (22, 21)
1122 (22, 22)
1123 (22, 23)
1124 (22, 24)
1125 (22, 25)
1126 (22, 26)
1127 (22, 27)
1128 (22, 28)
1129 (22, 29)
1130 (22, 30)
1131 (22, 31)
1132 (22, 32)
1133 (22, 33)
1134 (22, 34)
1135 (22, 35)
1136 (22, 36)
1137 (22, 37)
1138 (22, 38)
1139 (22, 39)
1140 (22, 40)
1141 (22, 41)
1142 (22, 42)
1143 (22, 43)
1144 (22, 44)
1145 (22, 45)
1146 (22, 46)
1147 (22, 47)
1148 (22, 48)
1149 (22, 49)
1150 (23, 0)
1151 (23, 1)
1152 (23, 2)
1153 (23, 3)
1154 (23, 4)
1155 (23, 5)
1156 (23, 6)
1157 (23, 7)
1158 (23, 8)
1159 (23, 9)
1160 (23, 10)
1161 (23, 11)
1162 (23, 12)
1163 (23, 13)
1164 (23, 14)
1165 (23, 15)
1166 (23, 16)
1167 (23, 17)
1168 (23, 18)
1169 (23, 19)
1170 (23, 20)
1171 (23, 21)
1172 (23, 22)
1173 (23, 23)
1174 (23, 24)
1175 (23, 25)
1176 (23, 26)
1177 (23, 27)
1178 (23, 28)
1179 (23, 29)
1180 (23, 30)
1181 (23, 31)
1182 (23, 32)
1183 (23, 33)
1184 (23, 34)
1185 (23, 35)
1186 (23, 36)
1187 (23, 37)
1188 (23, 38)
1189 (23, 39)
1190 (23, 40)
1191 (23, 41)
1192 (23, 42)
1193 (23, 43)
1194 (23, 44)
1195 (23, 45)
1196 (23, 46)
1197 (23, 47)
1198 (23, 48)
1199 (23, 49)
1200 (24, 0)
1201 (24, 1)
1202 (24, 2)
1203 (24, 3)
1204 (24, 4)
1205 (24, 5)
1206 (24, 6)
1207 (24, 7)
1208 (24, 8)
1209 (24, 9)
1210 (24, 10)
1211 (24, 11)
1212 (24, 12)
1213 (24, 13)
1214 (24, 14)
1215 (24, 15)
1216 (24, 16)
1217 (24, 17)
1218 (24, 18)
1219 (24, 19)
1220 (24, 20)
1221 (24, 21)
1222 (24, 22)
1223 (24, 23)
1224 (24, 24)
1225 (24, 25)
1226 (24, 26)
1227 (24, 27)
1228 (24, 28)
1229 (24, 29)
1230 (24, 30)
1231 (24, 31)
1232 (24, 32)
1233 (24, 33)
1234 (24, 34)
1235 (24, 35)
1236 (24, 36)
1237 (24, 37)
1238 (24, 38)
1239 (24, 39)
1240 (24, 40)
1241 (24, 41)
1242 (24, 42)
1243 (24, 43)
1244 (24, 44)
1245 (24, 45)
1246 (24, 46)
1247 (24, 47)
1248 (24, 48)
1249 (24, 49)
1250 (25, 0)
1251 (25, 1)
1252 (25, 2)
1253 (25, 3)
1254 (25, 4)
1255 (25, 5)
1256 (25, 6)
1257 (25, 7)
1258 (25, 8)
1259 (25, 9)
1260 (25, 10)
1261 (25, 11)
1262 (25, 12)
1263 (25, 13)
1264 (25, 14)
1265 (25, 15)
1266 (25, 16)
1267 (25, 17)
1268 (25, 18)
1269 (25, 19)
1270 (25, 20)
1271 (25, 21)
1272 (25, 22)
1273 (25, 23)
1274 (25, 24)
1275 (25, 25)
1276 (25, 26)
1277 (25, 27)
1278 (25, 28)
1279 (25, 29)
1280 (25, 30)
1281 (25, 31)
1282 (25, 32)
1283 (25, 33)
1284 (25, 34)
1285 (25, 35)
1286 (25, 36)
1287 (25, 37)
1288 (25, 38)
1289 (25, 39)
1290 (25, 40)
1291 (25, 41)
1292 (25, 42)
1293 (25, 43)
1294 (25, 44)
1295 (25, 45)
1296 (25, 46)
1297 (25, 47)
1298 (25, 48)
1299 (25, 49)
1300 (26, 0)
1301 (26, 1)
1302 (26, 2)
1303 (26, 3)
1304 (26, 4)
1305 (26, 5)
1306 (26, 6)
1307 (26, 7)
1308 (26, 8)
1309 (26, 9)
1310 (26, 10)
1311 (26, 11)
1312 (26, 12)
1313 (26, 13)
1314 (26, 14)
1315 (26, 15)
1316 (26, 16)
1317 (26, 17)
1318 (26, 18)
1319 (26, 19)
1320 (26, 20)
1321 (26, 21)
1322 (26, 22)
1323 (26, 23)
1324 (26, 24)
1325 (26, 25)
1326 (26, 26)
1327 (26, 27)
1328 (26, 28)
1329 (26, 29)
1330 (26, 30)
1331 (26, 31)
1332 (26, 32)
1333 (26, 33)
1334 (26, 34)
1335 (26, 35)
1336 (26, 36)
1337 (26, 37)
1338 (26, 38)
1339 (26, 39)
1340 (26, 40)
1341 (26, 41)
1342 (26, 42)
1343 (26, 43)
1344 (26, 44)
1345 (26, 45)
1346 (26, 46)
1347 (26, 47)
1348 (26, 48)
1349 (26, 49)
1350 (27, 0)
1351 (27, 1)
1352 (27, 2)
1353 (27, 3)
1354 (27, 4)
1355 (27, 5)
1356 (27, 6)
1357 (27, 7)
1358 (27, 8)
1359 (27, 9)
1360 (27, 10)
1361 (27, 11)
1362 (27, 12)
1363 (27, 13)
1364 (27, 14)
1365 (27, 15)
1366 (27, 16)
1367 (27, 17)
1368 (27, 18)
1369 (27, 19)
1370 (27, 20)
1371 (27, 21)
1372 (27, 22)
1373 (27, 23)
1374 (27, 24)
1375 (27, 25)
1376 (27, 26)
1377 (27, 27)
1378 (27, 28)
1379 (27, 29)
1380 (27, 30)
1381 (27, 31)
1382 (27, 32)
1383 (27, 33)
1384 (27, 34)
1385 (27, 35)
1386 (27, 36)
1387 (27, 37)
1388 (27, 38)
1389 (27, 39)
1390 (27, 40)
1391 (27, 41)
1392 (27, 42)
1393 (27, 43)
1394 (27, 44)
1395 (27, 45)
1396 (27, 46)
1397 (27, 47)
1398 (27, 48)
1399 (27, 49)
1400 (28, 0)
1401 (28, 1)
1402 (28, 2)
1403 (28, 3)
1404 (28, 4)
1405 (28, 5)
1406 (28, 6)
1407 (28, 7)
1408 (28, 8)
1409 (28, 9)
1410 (28, 10)
1411 (28, 11)
1412 (28, 12)
1413 (28, 13)
1414 (28, 14)
1415 (28, 15)
1416 (28, 16)
1417 (28, 17)
1418 (28, 18)
1419 (28, 19)
1420 (28, 20)
1421 (28, 21)
1422 (28, 22)
1423 (28, 23)
1424 (28, 24)
1425 (28, 25)
1426 (28, 26)
1427 (28, 27)
1428 (28, 28)
1429 (28, 29)
1430 (28, 30)
1431 (28, 31)
1432 (28, 32)
1433 (28, 33)
1434 (28, 34)
1435 (28, 35)
1436 (28, 36)
1437 (28, 37)
1438 (28, 38)
1439 (28, 39)
1440 (28, 40)
1441 (28, 41)
1442 (28, 42)
1443 (28, 43)
1444 (28, 44)
1445 (28, 45)
1446 (28, 46)
1447 (28, 47)
1448 (28, 48)
1449 (28, 49)
1450 (29, 0)
1451 (29, 1)
1452 (29, 2)
1453 (29, 3)
1454 (29, 4)
1455 (29, 5)
1456 (29, 6)
1457 (29, 7)
1458 (29, 8)
1459 (29, 9)
1460 (29, 10)
1461 (29, 11)
1462 (29, 12)
1463 (29, 13)
1464 (29, 14)
1465 (29, 15)
1466 (29, 16)
1467 (29, 17)
1468 (29, 18)
1469 (29, 19)
1470 (29, 20)
1471 (29, 21)
1472 (29, 22)
1473 (29, 23)
1474 (29, 24)
1475 (29, 25)
1476 (29, 26)
1477 (29, 27)
1478 (29, 28)
1479 (29, 29)
1480 (29, 30)
1481 (29, 31)
1482 (29, 32)
1483 (29, 33)
1484 (29, 34)
1485 (29, 35)
1486 (29, 36)
1487 (29, 37)
1488 (29, 38)
1489 (29, 39)
1490 (29, 40)
1491 (29, 41)
1492 (29, 42)
1493 (29, 43)
1494 (29, 44)
1495 (29, 45)
1496 (29, 46)
1497 (29, 47)
1498 (29, 48)
1499 (29, 49)
1500 (30, 0)
1501 (30, 1)
1502 (30, 2)
1503 (30, 3)
1504 (30, 4)
1505 (30, 5)
1506 (30, 6)
1507 (30, 7)
1508 (30, 8)
1509 (30, 9)
1510 (30, 10)
1511 (30, 11)
1512 (30, 12)
1513 (30, 13)
1514 (30, 14)
1515 (30, 15)
1516 (30, 16)
1517 (30, 17)
1518 (30, 18)
1519 (30, 19)
1520 (30, 20)
1521 (30, 21)
1522 (30, 22)
1523 (30, 23)
1524 (30, 24)
1525 (30, 25)
1526 (30, 26)
1527 (30, 27)
1528 (30, 28)
1529 (30, 29)
1530 (30, 30)
1531 (30, 31)
1532 (30, 32)
1533 (30, 33)
1534 (30, 34)
1535 (30, 35)
1536 (30, 36)
1537 (30, 37)
1538 (30, 38)
1539 (30, 39)
1540 (30, 40)
1541 (30, 41)
1542 (30, 42)
1543 (30, 43)
1544 (30, 44)
1545 (30, 45)
1546 (30, 46)
1547 (30, 47)
1548 (30, 48)
1549 (30, 49)
1550 (31, 0)
1551 (31, 1)
1552 (31, 2)
1553 (31, 3)
1554 (31, 4)
1555 (31, 5)
1556 (31, 6)
1557 (31, 7)
1558 (31, 8)
1559 (31, 9)
1560 (31, 10)
1561 (31, 11)
1562 (31, 12)
1563 (31, 13)
1564 (31, 14)
1565 (31, 15)
1566 (31, 16)
1567 (31, 17)
1568 (31, 18)
1569 (31, 19)
1570 (31, 20)
1571 (31, 21)
1572 (31, 22)
1573 (31, 23)
1574 (31, 24)
1575 (31, 25)
1576 (31, 26)
1577 (31, 27)
1578 (31, 28)
1579 (31, 29)
1580 (31, 30)
1581 (31, 31)
1582 (31, 32)
1583 (31, 33)
1584 (31, 34)
1585 (31, 35)
1586 (31, 36)
1587 (31, 37)
1588 (31, 38)
1589 (31, 39)
1590 (31, 40)
1591 (31, 41)
1592 (31, 42)
1593 (31, 43)
1594 (31, 44)
1595 (31, 45)
1596 (31, 46)
1597 (31, 47)
1598 (31, 48)
1599 (31, 49)
1600 (32, 0)
1601 (32, 1)
1602 (32, 2)
1603 (32, 3)
1604 (32, 4)
1605 (32, 5)
1606 (32, 6)
1607 (32, 7)
1608 (32, 8)
1609 (32, 9)
1610 (32, 10)
1611 (32, 11)
1612 (32, 12)
1613 (32, 13)
1614 (32, 14)
1615 (32, 15)
1616 (32, 16)
1617 (32, 17)
1618 (32, 18)
1619 (32, 19)
1620 (32, 20)
1621 (32, 21)
1622 (32, 22)
1623 (32, 23)
1624 (32, 24)
1625 (32, 25)
1626 (32, 26)
1627 (32, 27)
1628 (32, 28)
1629 (32, 29)
1630 (32, 30)
1631 (32, 31)
1632 (32, 32)
1633 (32, 33)
1634 (32, 34)
1635 (32, 35)
1636 (32, 36)
1637 (32, 37)
1638 (32, 38)
1639 (32, 39)
1640 (32, 40)
1641 (32, 41)
1642 (32, 42)
1643 (32, 43)
1644 (32, 44)
1645 (32, 45)
1646 (32, 46)
1647 (32, 47)
1648 (32, 48)
1649 (32, 49)
1650 (33, 0)
1651 (33, 1)
1652 (33, 2)
1653 (33, 3)
1654 (33, 4)
1655 (33, 5)
1656 (33, 6)
1657 (33, 7)
1658 (33, 8)
1659 (33, 9)
1660 (33, 10)
1661 (33, 11)
1662 (33, 12)
1663 (33, 13)
1664 (33, 14)
1665 (33, 15)
1666 (33, 16)
1667 (33, 17)
1668 (33, 18)
1669 (33, 19)
1670 (33, 20)
1671 (33, 21)
1672 (33, 22)
1673 (33, 23)
1674 (33, 24)
1675 (33, 25)
1676 (33, 26)
1677 (33, 27)
1678 (33, 28)
1679 (33, 29)
1680 (33, 30)
1681 (33, 31)
1682 (33, 32)
1683 (33, 33)
1684 (33, 34)
1685 (33, 35)
1686 (33, 36)
1687 (33, 37)
1688 (33, 38)
1689 (33, 39)
1690 (33, 40)
1691 (33, 41)
1692 (33, 42)
1693 (33, 43)
1694 (33, 44)
1695 (33, 45)
1696 (33, 46)
1697 (33, 47)
1698 (33, 48)
1699 (33, 49)
1700 (34, 0)
1701 (34, 1)
1702 (34, 2)
1703 (34, 3)
1704 (34, 4)
1705 (34, 5)
1706 (34, 6)
1707 (34, 7)
1708 (34, 8)
1709 (34, 9)
1710 (34, 10)
1711 (34, 11)
1712 (34, 12)
1713 (34, 13)
1714 (34, 14)
1715 (34, 15)
1716 (34, 16)
1717 (34, 17)
1718 (34, 18)
1719 (34, 19)
1720 (34, 20)
1721 (34, 21)
1722 (34, 22)
1723 (34, 23)
1724 (34, 24)
1725 (34, 25)
1726 (34, 26)
1727 (34, 27)
1728 (34, 28)
1729 (34, 29)
1730 (34, 30)
1731 (34, 31)
1732 (34, 32)
1733 (34, 33)
1734 (34, 34)
1735 (34, 35)
1736 (34, 36)
1737 (34, 37)
1738 (34, 38)
1739 (34, 39)
1740 (34, 40)
1741 (34, 41)
1742 (34, 42)
1743 (34, 43)
1744 (34, 44)
1745 (34, 45)
1746 (34, 46)
1747 (34, 47)
1748 (34, 48)
1749 (34, 49)
1750 (35, 0)
1751 (35, 1)
1752 (35, 2)
1753 (35, 3)
1754 (35, 4)
1755 (35, 5)
1756 (35, 6)
1757 (35, 7)
1758 (35, 8)
1759 (35, 9)
1760 (35, 10)
1761 (35, 11)
1762 (35, 12)
1763 (35, 13)
1764 (35, 14)
1765 (35, 15)
1766 (35, 16)
1767 (35, 17)
1768 (35, 18)
1769 (35, 19)
1770 (35, 20)
1771 (35, 21)
1772 (35, 22)
1773 (35, 23)
1774 (35, 24)
1775 (35, 25)
1776 (35, 26)
1777 (35, 27)
1778 (35, 28)
1779 (35, 29)
1780 (35, 30)
1781 (35, 31)
1782 (35, 32)
1783 (35, 33)
1784 (35, 34)
1785 (35, 35)
1786 (35, 36)
1787 (35, 37)
1788 (35, 38)
1789 (35, 39)
1790 (35, 40)
1791 (35, 41)
1792 (35, 42)
1793 (35, 43)
1794 (35, 44)
1795 (35, 45)
1796 (35, 46)
1797 (35, 47)
1798 (35, 48)
1799 (35, 49)
1800 (36, 0)
1801 (36, 1)
1802 (36, 2)
1803 (36, 3)
1804 (36, 4)
1805 (36, 5)
1806 (36, 6)
1807 (36, 7)
1808 (36, 8)
1809 (36, 9)
1810 (36, 10)
1811 (36, 11)
1812 (36, 12)
1813 (36, 13)
1814 (36, 14)
1815 (36, 15)
1816 (36, 16)
1817 (36, 17)
1818 (36, 18)
1819 (36, 19)
1820 (36, 20)
1821 (36, 21)
1822 (36, 22)
1823 (36, 23)
1824 (36, 24)
1825 (36, 25)
1826 (36, 26)
1827 (36, 27)
1828 (36, 28)
1829 (36, 29)
1830 (36, 30)
1831 (36, 31)
1832 (36, 32)
1833 (36, 33)
1834 (36, 34)
1835 (36, 35)
1836 (36, 36)
1837 (36, 37)
1838 (36, 38)
1839 (36, 39)
1840 (36, 40)
1841 (36, 41)
1842 (36, 42)
1843 (36, 43)
1844 (36, 44)
1845 (36, 45)
1846 (36, 46)
1847 (36, 47)
1848 (36, 48)
1849 (36, 49)
1850 (37, 0)
1851 (37, 1)
1852 (37, 2)
1853 (37, 3)
1854 (37, 4)
1855 (37, 5)
1856 (37, 6)
1857 (37, 7)
1858 (37, 8)
1859 (37, 9)
1860 (37, 10)
1861 (37, 11)
1862 (37, 12)
1863 (37, 13)
1864 (37, 14)
1865 (37, 15)
1866 (37, 16)
1867 (37, 17)
1868 (37, 18)
1869 (37, 19)
1870 (37, 20)
1871 (37, 21)
1872 (37, 22)
1873 (37, 23)
1874 (37, 24)
1875 (37, 25)
1876 (37, 26)
1877 (37, 27)
1878 (37, 28)
1879 (37, 29)
1880 (37, 30)
1881 (37, 31)
1882 (37, 32)
1883 (37, 33)
1884 (37, 34)
1885 (37, 35)
1886 (37, 36)
1887 (37, 37)
1888 (37, 38)
1889 (37, 39)
1890 (37, 40)
1891 (37, 41)
1892 (37, 42)
1893 (37, 43)
1894 (37, 44)
1895 (37, 45)
1896 (37, 46)
1897 (37, 47)
1898 (37, 48)
1899 (37, 49)
1900 (38, 0)
1901 (38, 1)
1902 (38, 2)
1903 (38, 3)
1904 (38, 4)
1905 (38, 5)
1906 (38, 6)
1907 (38, 7)
1908 (38, 8)
1909 (38, 9)
1910 (38, 10)
1911 (38, 11)
1912 (38, 12)
1913 (38, 13)
1914 (38, 14)
1915 (38, 15)
1916 (38, 16)
1917 (38, 17)
1918 (38, 18)
1919 (38, 19)
1920 (38, 20)
1921 (38, 21)
1922 (38, 22)
1923 (38, 23)
1924 (38, 24)
1925 (38, 25)
1926 (38, 26)
1927 (38, 27)
1928 (38, 28)
1929 (38, 29)
1930 (38, 30)
1931 (38, 31)
1932 (38, 32)
1933 (38, 33)
1934 (38, 34)
1935 (38, 35)
1936 (38, 36)
1937 (38, 37)
1938 (38, 38)
1939 (38, 39)
1940 (38, 40)
1941 (38, 41)
1942 (38, 42)
1943 (38, 43)
1944 (38, 44)
1945 (38, 45)
1946 (38, 46)
1947 (38, 47)
1948 (38, 48)
1949 (38, 49)
1950 (39, 0)
1951 (39, 1)
1952 (39, 2)
1953 (39, 3)
1954 (39, 4)
1955 (39, 5)
1956 (39, 6)
1957 (39, 7)
1958 (39, 8)
1959 (39, 9)
1960 (39, 10)
1961 (39, 11)
1962 (39, 12)
1963 (39, 13)
1964 (39, 14)
1965 (39, 15)
1966 (39, 16)
1967 (39, 17)
1968 (39, 18)
1969 (39, 19)
1970 (39, 20)
1971 (39, 21)
1972 (39, 22)
1973 (39, 23)
1974 (39, 24)
1975 (39, 25)
1976 (39, 26)
1977 (39, 27)
1978 (39, 28)
1979 (39, 29)
1980 (39, 30)
1981 (39, 31)
1982 (39, 32)
1983 (39, 33)
1984 (39, 34)
1985 (39, 35)
1986 (39, 36)
1987 (39, 37)
1988 (39, 38)
1989 (39, 39)
1990 (39, 40)
1991 (39, 41)
1992 (39, 42)
1993 (39, 43)
1994 (39, 44)
1995 (39, 45)
1996 (39, 46)
1997 (39, 47)
1998 (39, 48)
1999 (39, 49)
2000 (40, 0)
2001 (40, 1)
2002 (40, 2)
2003 (40, 3)
2004 (40, 4)
2005 (40, 5)
2006 (40, 6)
2007 (40, 7)
2008 (40, 8)
2009 (40, 9)
2010 (40, 10)
2011 (40, 11)
2012 (40, 12)
2013 (40, 13)
2014 (40, 14)
2015 (40, 15)
2016 (40, 16)
2017 (40, 17)
2018 (40, 18)
2019 (40, 19)
2020 (40, 20)
2021 (40, 21)
2022 (40, 22)
2023 (40, 23)
2024 (40, 24)
2025 (40, 25)
2026 (40, 26)
2027 (40, 27)
2028 (40, 28)
2029 (40, 29)
2030 (40, 30)
2031 (40, 31)
2032 (40, 32)
2033 (40, 33)
2034 (40, 34)
2035 (40, 35)
2036 (40, 36)
2037 (40, 37)
2038 (40, 38)
2039 (40, 39)
2040 (40, 40)
2041 (40, 41)
2042 (40, 42)
2043 (40, 43)
2044 (40, 44)
2045 (40, 45)
2046 (40, 46)
2047 (40, 47)
2048 (40, 48)
2049 (40, 49)
2050 (41, 0)
2051 (41, 1)
2052 (41, 2)
2053 (41, 3)
2054 (41, 4)
2055 (41, 5)
2056 (41, 6)
2057 (41, 7)
2058 (41, 8)
2059 (41, 9)
2060 (41, 10)
2061 (41, 11)
2062 (41, 12)
2063 (41, 13)
2064 (41, 14)
2065 (41, 15)
2066 (41, 16)
2067 (41, 17)
2068 (41, 18)
2069 (41, 19)
2070 (41, 20)
2071 (41, 21)
2072 (41, 22)
2073 (41, 23)
2074 (41, 24)
2075 (41, 25)
2076 (41, 26)
2077 (41, 27)
2078 (41, 28)
2079 (41, 29)
2080 (41, 30)
2081 (41, 31)
2082 (41, 32)
2083 (41, 33)
2084 (41, 34)
2085 (41, 35)
2086 (41, 36)
2087 (41, 37)
2088 (41, 38)
2089 (41, 39)
2090 (41, 40)
2091 (41, 41)
2092 (41, 42)
2093 (41, 43)
2094 (41, 44)
2095 (41, 45)
2096 (41, 46)
2097 (41, 47)
2098 (41, 48)
2099 (41, 49)
2100 (42, 0)
2101 (42, 1)
2102 (42, 2)
2103 (42, 3)
2104 (42, 4)
2105 (42, 5)
2106 (42, 6)
2107 (42, 7)
2108 (42, 8)
2109 (42, 9)
2110 (42, 10)
2111 (42, 11)
2112 (42, 12)
2113 (42, 13)
2114 (42, 14)
2115 (42, 15)
2116 (42, 16)
2117 (42, 17)
2118 (42, 18)
2119 (42, 19)
2120 (42, 20)
2121 (42, 21)
2122 (42, 22)
2123 (42, 23)
2124 (42, 24)
2125 (42, 25)
2126 (42, 26)
2127 (42, 27)
2128 (42, 28)
2129 (42, 29)
2130 (42, 30)
2131 (42, 31)
2132 (42, 32)
2133 (42, 33)
2134 (42, 34)
2135 (42, 35)
2136 (42, 36)
2137 (42, 37)
2138 (42, 38)
2139 (42, 39)
2140 (42, 40)
2141 (42, 41)
2142 (42, 42)
2143 (42, 43)
2144 (42, 44)
2145 (42, 45)
2146 (42, 46)
2147 (42, 47)
2148 (42, 48)
2149 (42, 49)
2150 (43, 0)
2151 (43, 1)
2152 (43, 2)
2153 (43, 3)
2154 (43, 4)
2155 (43, 5)
2156 (43, 6)
2157 (43, 7)
2158 (43, 8)
2159 (43, 9)
2160 (43, 10)
2161 (43, 11)
2162 (43, 12)
2163 (43, 13)
2164 (43, 14)
2165 (43, 15)
2166 (43, 16)
2167 (43, 17)
2168 (43, 18)
2169 (43, 19)
2170 (43, 20)
2171 (43, 21)
2172 (43, 22)
2173 (43, 23)
2174 (43, 24)
2175 (43, 25)
2176 (43, 26)
2177 (43, 27)
2178 (43, 28)
2179 (43, 29)
2180 (43, 30)
2181 (43, 31)
2182 (43, 32)
2183 (43, 33)
2184 (43, 34)
2185 (43, 35)
2186 (43, 36)
2187 (43, 37)
2188 (43, 38)
2189 (43, 39)
2190 (43, 40)
2191 (43, 41)
2192 (43, 42)
2193 (43, 43)
2194 (43, 44)
2195 (43, 45)
2196 (43, 46)
2197 (43, 47)
2198 (43, 48)
2199 (43, 49)
2200 (44, 0)
2201 (44, 1)
2202 (44, 2)
2203 (44, 3)
2204 (44, 4)
2205 (44, 5)
2206 (44, 6)
2207 (44, 7)
2208 (44, 8)
2209 (44, 9)
2210 (44, 10)
2211 (44, 11)
2212 (44, 12)
2213 (44, 13)
2214 (44, 14)
2215 (44, 15)
2216 (44, 16)
2217 (44, 17)
2218 (44, 18)
2219 (44, 19)
2220 (44, 20)
2221 (44, 21)
2222 (44, 22)
2223 (44, 23)
2224 (44, 24)
2225 (44, 25)
2226 (44, 26)
2227 (44, 27)
2228 (44, 28)
2229 (44, 29)
2230 (44, 30)
2231 (44, 31)
2232 (44, 32)
2233 (44, 33)
2234 (44, 34)
2235 (44, 35)
2236 (44, 36)
2237 (44, 37)
2238 (44, 38)
2239 (44, 39)
2240 (44, 40)
2241 (44, 41)
2242 (44, 42)
2243 (44, 43)
2244 (44, 44)
2245 (44, 45)
2246 (44, 46)
2247 (44, 47)
2248 (44, 48)
2249 (44, 49)
2250 (45, 0)
2251 (45, 1)
2252 (45, 2)
2253 (45, 3)
2254 (45, 4)
2255 (45, 5)
2256 (45, 6)
2257 (45, 7)
2258 (45, 8)
2259 (45, 9)
2260 (45, 10)
2261 (45, 11)
2262 (45, 12)
2263 (45, 13)
2264 (45, 14)
2265 (45, 15)
2266 (45, 16)
2267 (45, 17)
2268 (45, 18)
2269 (45, 19)
2270 (45, 20)
2271 (45, 21)
2272 (45, 22)
2273 (45, 23)
2274 (45, 24)
2275 (45, 25)
2276 (45, 26)
2277 (45, 27)
2278 (45, 28)
2279 (45, 29)
2280 (45, 30)
2281 (45, 31)
2282 (45, 32)
2283 (45, 33)
2284 (45, 34)
2285 (45, 35)
2286 (45, 36)
2287 (45, 37)
2288 (45, 38)
2289 (45, 39)
2290 (45, 40)
2291 (45, 41)
2292 (45, 42)
2293 (45, 43)
2294 (45, 44)
2295 (45, 45)
2296 (45, 46)
2297 (45, 47)
2298 (45, 48)
2299 (45, 49)
2300 (46, 0)
2301 (46, 1)
2302 (46, 2)
2303 (46, 3)
2304 (46, 4)
2305 (46, 5)
2306 (46, 6)
2307 (46, 7)
2308 (46, 8)
2309 (46, 9)
2310 (46, 10)
2311 (46, 11)
2312 (46, 12)
2313 (46, 13)
2314 (46, 14)
2315 (46, 15)
2316 (46, 16)
2317 (46, 17)
2318 (46, 18)
2319 (46, 19)
2320 (46, 20)
2321 (46, 21)
2322 (46, 22)
2323 (46, 23)
2324 (46, 24)
2325 (46, 25)
2326 (46, 26)
2327 (46, 27)
2328 (46, 28)
2329 (46, 29)
2330 (46, 30)
2331 (46, 31)
2332 (46, 32)
2333 (46, 33)
2334 (46, 34)
2335 (46, 35)
2336 (46, 36)
2337 (46, 37)
2338 (46, 38)
2339 (46, 39)
2340 (46, 40)
2341 (46, 41)
2342 (46, 42)
2343 (46, 43)
2344 (46, 44)
2345 (46, 45)
2346 (46, 46)
2347 (46, 47)
2348 (46, 48)
2349 (46, 49)
2350 (47, 0)
2351 (47, 1)
2352 (47, 2)
2353 (47, 3)
2354 (47, 4)
2355 (47, 5)
2356 (47, 6)
2357 (47, 7)
2358 (47, 8)
2359 (47, 9)
2360 (47, 10)
2361 (47, 11)
2362 (47, 12)
2363 (47, 13)
2364 (47, 14)
2365 (47, 15)
2366 (47, 16)
2367 (47, 17)
2368 (47, 18)
2369 (47, 19)
2370 (47, 20)
2371 (47, 21)
2372 (47, 22)
2373 (47, 23)
2374 (47, 24)
2375 (47, 25)
2376 (47, 26)
2377 (47, 27)
2378 (47, 28)
2379 (47, 29)
2380 (47, 30)
2381 (47, 31)
2382 (47, 32)
2383 (47, 33)
2384 (47, 34)
2385 (47, 35)
2386 (47, 36)
2387 (47, 37)
2388 (47, 38)
2389 (47, 39)
2390 (47, 40)
2391 (47, 41)
2392 (47, 42)
2393 (47, 43)
2394 (47, 44)
2395 (47, 45)
2396 (47, 46)
2397 (47, 47)
2398 (47, 48)
2399 (47, 49)
2400 (48, 0)
2401 (48, 1)
2402 (48, 2)
2403 (48, 3)
2404 (48, 4)
2405 (48, 5)
2406 (48, 6)
2407 (48, 7)
2408 (48, 8)
2409 (48, 9)
2410 (48, 10)
2411 (48, 11)
2412 (48, 12)
2413 (48, 13)
2414 (48, 14)
2415 (48, 15)
2416 (48, 16)
2417 (48, 17)
2418 (48, 18)
2419 (48, 19)
2420 (48, 20)
2421 (48, 21)
2422 (48, 22)
2423 (48, 23)
2424 (48, 24)
2425 (48, 25)
2426 (48, 26)
2427 (48, 27)
2428 (48, 28)
2429 (48, 29)
2430 (48, 30)
2431 (48, 31)
2432 (48, 32)
2433 (48, 33)
2434 (48, 34)
2435 (48, 35)
2436 (48, 36)
2437 (48, 37)
2438 (48, 38)
2439 (48, 39)
2440 (48, 40)
2441 (48, 41)
2442 (48, 42)
2443 (48, 43)
2444 (48, 44)
2445 (48, 45)
2446 (48, 46)
2447 (48, 47)
2448 (48, 48)
2449 (48, 49)
2450 (49, 0)
2451 (49, 1)
2452 (49, 2)
2453 (49, 3)
2454 (49, 4)
2455 (49, 5)
2456 (49, 6)
2457 (49, 7)
2458 (49, 8)
2459 (49, 9)
2460 (49, 10)
2461 (49, 11)
2462 (49, 12)
2463 (49, 13)
2464 (49, 14)
2465 (49, 15)
2466 (49, 16)
2467 (49, 17)
2468 (49, 18)
2469 (49, 19)
2470 (49, 20)
2471 (49, 21)
2472 (49, 22)
2473 (49, 23)
2474 (49, 24)
2475 (49, 25)
2476 (49, 26)
2477 (49, 27)
2478 (49, 28)
2479 (49, 29)
2480 (49, 30)
2481 (49, 31)
2482 (49, 32)
2483 (49, 33)
2484 (49, 34)
2485 (49, 35)
2486 (49, 36)
2487 (49, 37)
2488 (49, 38)
2489 (49, 39)
2490 (49, 40)
2491 (49, 41)
2492 (49, 42)
2493 (49, 43)
2494 (49, 44)
2495 (49, 45)
2496 (49, 46)
2497 (49, 47)
2498 (49, 48)
2499 (49, 49)
0 1 50
1 0 2 51
2 1 3 52
3 2 4 53
4 3 5 54
5 4 6 55
6 5 7 56
7 6 57
8 9 58
9 8 10 59
10 9 11 60
11 10 12 61
12 11 13 62
13 12 14 63
14 13 15
15 14
16 17 66
17 16 67
18 19 68
19 18 20 69
20 19 21 70
21 20 22 71
22 21 23 72
23 22 24 73
24 23 74
25 75
26 27 76
27 26 28 77
28 27 78
29 30 79
30 29 31 80
31 30 32 81
32 31 33
33 32 34
34 33 84
35 36 85
36 35 37 86
37 36 38 87
38 37 39 88
39 38 40 89
40 39 90
41 42 91
42 41 43
43 42 44 93
44 43 45 94
45 44 46 95
46 45 47 96
47 46 48 97
48 47 49 98
49 48 99
50 0 51 100
51 1 50 52 101
52 2 51 53 102
53 3 52 103
54 4 104
55 5 56
56 6 55 57
57 7 56 58
58 8 57 59 108
59 9 58 109
60 10 61 110
61 11 60 62 111
62 12 61 63 112
63 13 62 64 113
64 63 65 114
65 64 66 115
66 16 65 67 116
67 17 66 68 117
68 18 67 69 118
69 19 68 70 119
70 20 69 71 120
71 21 70 72
72 22 71 73 122
73 23 72 74 123
74 24 73 75 124
75 25 74 76 125
76 26 75 77 126
77 27 76 78 127
78 28 77 128
79 29 80 129
80 30 79 81 130
81 31 80 82 131
82 81 83 132
83 82 84 133
84 34 83 85 134
85 35 84 86 135
86 36 85 87 136
87 37 86 88 137
88 38 87 89 138
89 39 88 90 139
90 40 89 91 140
91 41 90 92 141
92 91 93 142
93 43 92 94 143
94 44 93 144
95 45 96 145
96 46 95 97 146
97 47 96 98 147
98 48 97 99
99 49 98 149
100 50 101 150
101 51 100 102 151
102 52 101 103 152
103 53 102 104 153
104 54 103 105 154
105 104 106 155
106 105 107 156
107 106 108 157
108 58 107 109 158
109 59 108 110 159
110 60 109 111 160
111 61 110 161
112 62 113 162
113 63 112 114
114 64 113 115 164
115 65 114 165
116 66 117 166
117 67 116 118
118 68 117 119 168
119 69 118 120 169
120 70 119 121 170
121 120 122 171
122 72 121 123 172
123 73 122 124 173
124 74 123 125 174
125 75 124 126 175
126 76 125 127 176
127 77 126 128 177
128 78 127 129 178
129 79 128 130 179
130 80 129 131 180
131 81 130 132 181
132 82 131 133 182
133 83 132 134 183
134 84 133 135 184
135 85 134 136 185
136 86 135 137 186
137 87 136 138 187
138 88 137 139 188
139 89 138 140
140 90 139 141 190
141 91 140 142 191
142 92 141 143 192
143 93 142 144 193
144 94 143 145 194
145 95 144 195
146 96 147 196
147 97 146 148 197
148 147 198
149 99 199
150 100 151 200
151 101 150 152 201
152 102 151 153 202
153 103 152 154 203
154 104 153 155
155 105 154 156 205
156 106 155 157
157 107 156 158 207
158 108 157 159 208
159 109 158
160 110 161 210
161 111 160 211
162 112 212
163 164 213
164 114 163 165 214
165 115 164 166 215
166 116 165 167 216
167 166 168 217
168 118 167 169 218
169 119 168 170 219
170 120 169 171 220
171 121 170
172 122 173 222
173 123 172 223
174 124 175 224
175 125 174 176 225
176 126 175 177 226
177 127 176 178 227
178 128 177 179 228
179 129 178 180 229
180 130 179 181 230
181 131 180 231
182 132 183 232
183 133 182 184 233
184 134 183 185 234
185 135 184 186 235
186 136 185 187 236
187 137 186 188 237
188 138 187 189 238
189 188 190 239
190 140 189 191 240
191 141 190 192 241
192 142 191 193 242
193 143 192 194 243
194 144 193 195 244
195 145 194 196 245
196 146 195 197 246
197 147 196 198 247
198 148 197 199
199 149 198 249
200 150 201 250
201 151 200 202
202 152 201 203 252
203 153 202 204 253
204 203 205 254
205 155 204 206 255
206 205 207 256
207 157 206 208 257
208 158 207 209 258
209 208 210 259
210 160 209 211 260
211 161 210 212 261
212 162 211 213 262
213 163 212 214 263
214 164 213 264
215 165 216 265
216 166 215 217 266
217 167 216 218
218 168 217 219 268
219 169 218 220 269
220 170 219 221 270
221 220 222
222 172 221 223 272
223 173 222 224 273
224 174 223 225 274
225 175 224 226 275
226 176 225 227 276
227 177 226 228 277
228 178 227 229 278
229 179 228 279
230 180 231 280
231 181 230 232 281
232 182 231 233 282
233 183 232 283
234 184 235 284
235 185 234 236 285
236 186 235 237 286
237 187 236 238 287
238 188 237 239 288
239 189 238 240 289
240 190 239 241 290
241 191 240 242 291
242 192 241 243 292
243 193 242 244 293
244 194 243 245 294
245 195 244 246 295
246 196 245 247 296
247 197 246 248 297
248 247 249 298
249 199 248 299
250 200 251
251 250 252 301
252 202 251 253 302
253 203 252 254 303
254 204 253 255 304
255 205 254 256 305
256 206 255 257 306
257 207 256 258 307
258 208 257 259 308
259 209 258 260 309
260 210 259 261 310
261 211 260 262 311
262 212 261 263 312
263 213 262 264 313
264 214 263 265 314
265 215 264 266 315
266 216 265 267 316
267 266 268 317
268 218 267 269 318
269 219 268 270 319
270 220 269 271 320
271 270 272 321
272 222 271 273 322
273 223 272 274 323
274 224 273 275
275 225 274 325
276 226 326
277 227 278 327
278 228 277 279 328
279 229 278 280 329
280 230 279 281 330
281 231 280 282 331
282 232 281 283 332
283 233 282 284 333
284 234 283 285 334
285 235 284 286 335
286 236 285 287 336
287 237 286 288 337
288 238 287 289 338
289 239 288 290 339
290 240 289 291 340
291 241 290 292 341
292 242 291 293 342
293 243 292 294 343
294 244 293 295 344
295 245 294 296 345
296 246 295 297
297 247 296 347
298 248 299 348
299 249 298 349
300 301 350
301 251 300 302
302 252 301 303 352
303 253 302 304 353
304 254 303 305 354
305 255 304 306 355
306 256 305 307 356
307 257 306 308 357
308 258 307 358
309 259 310 359
310 260 309 311 360
311 261 310 312 361
312 262 311 313 362
313 263 312 363
314 264 315
315 265 314 316 365
316 266 315 317 366
317 267 316 318 367
318 268 317 319 368
319 269 318 369
320 270 321
321 271 320 322 371
322 272 321 323 372
323 273 322 324
324 323 325 374
325 275 324 375
326 276 327
327 277 326 328 377
328 278 327 378
329 279 330 379
330 280 329 331 380
331 281 330 332 381
332 282 331 333 382
333 283 332 383
334 284 335 384
335 285 334 336 385
336 286 335 337 386
337 287 336 338 387
338 288 337 339 388
339 289 338 340 389
340 290 339 341 390
341 291 340 342 391
342 292 341 343 392
343 293 342 344 393
344 294 343 345
345 295 344 346 395
346 345 347 396
347 297 346 348 397
348 298 347 349 398
349 299 348
350 300 351 400
351 350 352 401
352 302 351 353 402
353 303 352 354
354 304 353 355 404
355 305 354 356 405
356 306 355 357 406
357 307 356 358 407
358 308 357 359 408
359 309 358 360 409
360 310 359 361 410
361 311 360 362 411
362 312 361 363 412
363 313 362 364 413
364 363 365 414
365 315 364 366
366 316 365 367 416
367 317 366 368 417
368 318 367 369 418
369 319 368 370
370 369 371 420
371 321 370 372 421
372 322 371 373 422
373 372 374 423
374 324 373 375 424
375 325 374 376
376 375 377 426
377 327 376
378 328 379 428
379 329 378 380 429
380 330 379 381 430
381 331 380 382 431
382 332 381 383 432
383 333 382 384 433
384 334 383 385 434
385 335 384 386
386 336 385 387 436
387 337 386 388 437
388 338 387 389 438
389 339 388 390 439
390 340 389 391 440
391 341 390 392 441
392 342 391 393 442
393 343 392 394 443
394 393 395 444
395 345 394 396 445
396 346 395 397 446
397 347 396 398
398 348 397 399 448
399 398
400 350 401 450
401 351 400 402
402 352 401 403 452
403 402 404
404 354 403 405 454
405 355 404 406 455
406 356 405 407 456
407 357 406 408 457
408 358 407 409 458
409 359 408 410 459
410 360 409 411 460
411 361 410 412 461
412 362 411 413
413 363 412 414 463
414 364 413 415 464
415 414 416 465
416 366 415 417 466
417 367 416 418 467
418 368 417 419 468
419 418 420 469
420 370 419 421 470
421 371 420 422 471
422 372 421 423 472
423 373 422 424 473
424 374 423 425 474
425 424 426 475
426 376 425 427 476
427 426 428 477
428 378 427 429
429 379 428 430 479
430 380 429 431 480
431 381 430 432 481
432 382 431 482
433 383 434 483
434 384 433 435 484
435 434 436 485
436 386 435 437 486
437 387 436 438 487
438 388 437 488
439 389 440 489
440 390 439 441 490
441 391 440 442 491
442 392 441 443 492
443 393 442 444 493
444 394 443 445 494
445 395 444 446 495
446 396 445 447 496
447 446 448 497
448 398 447 449 498
449 448 499
450 400 451 500
451 450 452 501
452 402 451 453 502
453 452 454 503
454 404 453 455 504
455 405 454 456 505
456 406 455 457 506
457 407 456 458 507
458 408 457 459 508
459 409 458 509
460 410 461 510
461 411 460 462 511
462 461 463
463 413 462 464 513
464 414 463 465 514
465 415 464 466 515
466 416 465 467 516
467 417 466 468 517
468 418 467 469 518
469 419 468 470 519
470 420 469 520
471 421 472 521
472 422 471 473 522
473 423 472 474 523
474 424 473 475
475 425 474 476 525
476 426 475 477 526
477 427 476 478 527
478 477 479 528
479 429 478 480 529
480 430 479 481 530
481 431 480 531
482 432 483 532
483 433 482 484 533
484 434 483 485 534
485 435 484 486 535
486 436 485 487 536
487 437 486 488 537
488 438 487 489 538
489 439 488 490 539
490 440 489 491 540
491 441 490 492 541
492 442 491 493 542
493 443 492 494 543
494 444 493 544
495 445 545
496 446 497 546
497 447 496 498 547
498 448 497 499 548
499 449 498 549
500 450 501 550
501 451 500 502 551
502 452 501 503 552
503 453 502 504 553
504 454 503 505 554
505 455 504 506 555
506 456 505 507 556
507 457 506 508 557
508 458 507 509 558
509 459 508 510 559
510 460 509 560
511 461 512 561
512 511 513 562
513 463 512 514 563
514 464 513 515 564
515 465 514 516 565
516 466 515 566
517 467 518 567
518 468 517 519
519 469 518 520 569
520 470 519 570
521 471 522 571
522 472 521 523 572
523 473 522 524 573
524 523 525 574
525 475 524 526 575
526 476 525 527 576
527 477 526 528 577
528 478 527 529 578
529 479 528 530 579
530 480 529 531 580
531 481 530 532 581
532 482 531 582
533 483 534 583
534 484 533 535 584
535 485 534 536 585
536 486 535 537 586
537 487 536 538 587
538 488 537 539 588
539 489 538 540
540 490 539 541 590
541 491 540 542 591
542 492 541 543 592
543 493 542 544 593
544 494 543 545 594
545 495 544 546 595
546 496 545 547
547 497 546 548 597
548 498 547 549 598
549 499 548 599
550 500 551
551 501 550 552 601
552 502 551 553 602
553 503 552 554 603
554 504 553 555 604
555 505 554 556 605
556 506 555 606
557 507 558 607
558 508 557 559 608
559 509 558 560 609
560 510 559
561 511 562 611
562 512 561 563 612
563 513 562 613
564 514 614
565 515 566 615
566 516 565 567 616
567 517 566 568 617
568 567 569 618
569 519 568 570 619
570 520 569 571
571 521 570 572 621
572 522 571 573 622
573 523 572 574 623
574 524 573 575 624
575 525 574 576 625
576 526 575 577 626
577 527 576 578 627
578 528 577 579 628
579 529 578 580 629
580 530 579 581 630
581 531 580 582
582 532 581 583 632
583 533 582 584 633
584 534 583 585 634
585 535 584 586 635
586 536 585 587 636
587 537 586 637
588 538 589
589 588 590 639
590 540 589 591 640
591 541 590 592 641
592 542 591
593 543
594 544 595
595 545 594 596
596 595 597 646
597 547 596 598 647
598 548 597 599
599 549 598 649
600 601 650
601 551 600 602 651
602 552 601 652
603 553 604 653
604 554 603 605 654
605 555 604 606 655
606 556 605 656
607 557 608 657
608 558 607 609
609 559 608 610
610 609 611 660
611 561 610 612 661
612 562 611 613 662
613 563 612 614 663
614 564 613 615 664
615 565 614 616 665
616 566 615 617 666
617 567 616 618 667
618 568 617 619 668
619 569 618 620 669
620 619 621
621 571 620 622 671
622 572 621 623 672
623 573 622 624 673
624 574 623 625 674
625 575 624 626 675
626 576 625 627 676
627 577 626
628 578 629 678
629 579 628 630 679
630 580 629 631 680
631 630 632 681
632 582 631 633 682
633 583 632 634 683
634 584 633 635 684
635 585 634 636 685
636 586 635 637 686
637 587 636 638 687
638 637 639 688
639 589 638 640 689
640 590 639 641 690
641 591 640 642 691
642 641 643 692
643 642 644 693
644 643 645 694
645 644 695
646 596 647 696
647 597 646 648
648 647 649 698
649 599 648 699
650 600 651 700
651 601 650 652 701
652 602 651 653 702
653 603 652 703
654 604 655 704
655 605 654 656 705
656 606 655
657 607 658 707
658 657 659 708
659 658 660 709
660 610 659 661 710
661 611 660 662
662 612 661 663 712
663 613 662 664 713
664 614 663 665 714
665 615 664 666 715
666 616 665 667 716
667 617 666 668 717
668 618 667
669 619 670 719
670 669 671 720
671 621 670 672 721
672 622 671 673 722
673 623 672 674 723
674 624 673 675 724
675 625 674 676 725
676 626 675 677
677 676 678 727
678 628 677 679 728
679 629 678 680 729
680 630 679 681 730
681 631 680 682 731
682 632 681 683 732
683 633 682 684 733
684 634 683 685 734
685 635 684 735
686 636 687 736
687 637 686 688 737
688 638 687 689 738
689 639 688 690 739
690 640 689 691 740
691 641 690 692 741
692 642 691 693 742
693 643 692 694 743
694 644 693 695 744
695 645 694 696 745
696 646 695 697 746
697 696 698 747
698 648 697 699 748
699 649 698 749
700 650 701 750
701 651 700 702 751
702 652 701 703 752
703 653 702 704 753
704 654 703 754
705 655 706 755
706 705 707 756
707 657 706 708 757
708 658 707 709 758
709 659 708 710 759
710 660 709 711 760
711 710 712 761
712 662 711 713 762
713 663 712 714 763
714 664 713 715 764
715 665 714 716 765
716 666 715 717 766
717 667 716 718 767
718 717 719 768
719 669 718 720 769
720 670 719 721 770
721 671 720 722 771
722 672 721 723
723 673 722 724 773
724 674 723 725 774
725 675 724 726 775
726 725 727 776
727 677 726 728 777
728 678 727 729 778
729 679 728 730 779
730 680 729 731 780
731 681 730 732 781
732 682 731 782
733 683 734 783
734 684 733 735
735 685 734 736
736 686 735 737 786
737 687 736 738 787
738 688 737 739
739 689 738 740 789
740 690 739 741 790
741 691 740 742 791
742 692 741 743
743 693 742 744 793
744 694 743 745 794
745 695 744 795
746 696 747 796
747 697 746 748 797
748 698 747 749 798
749 699 748 799
750 700 751 800
751 701 750 752 801
752 702 751 753 802
753 703 752 803
754 704 755 804
755 705 754 756 805
756 706 755 757 806
757 707 756 758 807
758 708 757 759 808
759 709 758 760
760 710 759 761 810
761 711 760 762 811
762 712 761 763 812
763 713 762 813
764 714 765 814
765 715 764 766
766 716 765 767 816
767 717 766 768 817
768 718 767 818
769 719 770
770 720 769 771 820
771 721 770 772 821
772 771 773
773 723 772 774 823
774 724 773 824
775 725 776 825
776 726 775 826
777 727 778 827
778 728 777 779 828
779 729 778
780 730 781 830
781 731 780 831
782 732 783
783 733 782 833
784 785 834
785 784 786 835
786 736 785 787 836
787 737 786 788 837
788 787 789 838
789 739 788 790 839
790 740 789 791 840
791 741 790 792 841
792 791 793 842
793 743 792 794 843
794 744 793 844
795 745 796 845
796 746 795 797 846
797 747 796 798 847
798 748 797 799 848
799 749 798 849
800 750 801
801 751 800 802 851
802 752 801 803 852
803 753 802 804 853
804 754 803 805 854
805 755 804 806 855
806 756 805 807 856
807 757 806 808 857
808 758 807 809 858
809 808 810 859
810 760 809 811 860
811 761 810 812 861
812 762 811 813 862
813 763 812 814 863
814 764 813 815 864
815 814 816 865
816 766 815 817 866
817 767 816 818 867
818 768 817 819 868
819 818 820 869
820 770 819 821 870
821 771 820 822 871
822 821 823 872
823 773 822 824
824 774 823 825 874
825 775 824 826 875
826 776 825 876
827 777 828 877
828 778 827 829 878
829 828 830 879
830 780 829 880
831 781
832 833 882
833 783 832 834 883
834 784 833 835 884
835 785 834 836 885
836 786 835 837 886
837 787 836 887
838 788 839 888
839 789 838 840
840 790 839 841 890
841 791 840 842 891
842 792 841 843 892
843 793 842 844 893
844 794 843 845 894
845 795 844 846 895
846 796 845 847 896
847 797 846 848 897
848 798 847 849 898
849 799 848 899
850 851 900
851 801 850 852 901
852 802 851 853 902
853 803 852 854 903
854 804 853 855 904
855 805 854 856 905
856 806 855 906
857 807 858 907
858 808 857 859 908
859 809 858 860 909
860 810 859 861 910
861 811 860 911
862 812 863 912
863 813 862 864 913
864 814 863 865 914
865 815 864 866 915
866 816 865 867 916
867 817 866 868
868 818 867 869 918
869 819 868 870 919
870 820 869 871 920
871 821 870 872 921
872 822 871 873 922
873 872 874 923
874 824 873 875 924
875 825 874 876 925
876 826 875 877 926
877 827 876 878 927
878 828 877 879 928
879 829 878 880
880 830 879 881 930
881 880 882 931
882 832 881 883 932
883 833 882 884 933
884 834 883 885 934
885 835 884 886 935
886 836 885
887 837 888 937
888 838 887 889 938
889 888 890 939
890 840 889 891
891 841 890 892 941
892 842 891 893 942
893 843 892 894 943
894 844 893 895 944
895 845 894 896 945
896 846 895 897 946
897 847 896 898 947
898 848 897 899 948
899 849 898 949
900 850 950
901 851
902 852 903 952
903 853 902 904 953
904 854 903 905 954
905 855 904 906 955
906 856 905 907 956
907 857 906 908 957
908 858 907 909 958
909 859 908 910 959
910 860 909 911 960
911 861 910 912 961
912 862 911 913 962
913 863 912 914 963
914 864 913 915 964
915 865 914 916 965
916 866 915 917 966
917 916 918 967
918 868 917 919 968
919 869 918 920 969
920 870 919 921 970
921 871 920 922 971
922 872 921 923 972
923 873 922 924 973
924 874 923 925 974
925 875 924 926 975
926 876 925 927 976
927 877 926 928
928 878 927 929
929 928 930 979
930 880 929 931 980
931 881 930 932 981
932 882 931 933 982
933 883 932 934 983
934 884 933 935 984
935 885 934 936 985
936 935 986
937 887 938 987
938 888 937 939 988
939 889 938 940 989
940 939 941 990
941 891 940 942 991
942 892 941 943
943 893 942 944 993
944 894 943 945 994
945 895 944 946 995
946 896 945 947 996
947 897 946 948 997
948 898 947 949 998
949 899 948 999
950 900 1000
951 952 1001
952 902 951 953 1002
953 903 952 954 1003
954 904 953 955 1004
955 905 954 956 1005
956 906 955 957 1006
957 907 956 958 1007
958 908 957 959 1008
959 909 958 1009
960 910 961 1010
961 911 960 962 1011
962 912 961 963
963 913 962 964 1013
964 914 963 1014
965 915 966 1015
966 916 965 967 1016
967 917 966 968
968 918 967 969 1018
969 919 968 970 1019
970 920 969 971 1020
971 921 970 972 1021
972 922 971 973 1022
973 923 972 974 1023
974 924 973 975 1024
975 925 974 976 1025
976 926 975 977 1026
977 976 978 1027
978 977 979
979 929 978 980 1029
980 930 979 981 1030
981 931 980 982 1031
982 932 981 983 1032
983 933 982 984 1033
984 934 983 985 1034
985 935 984 986 1035
986 936 985 987 1036
987 937 986 988 1037
988 938 987 989 1038
989 939 988 990 1039
990 940 989 991 1040
991 941 990 1041
992 993 1042
993 943 992 1043
994 944 995 1044
995 945 994 996 1045
996 946 995 997
997 947 996 998 1047
998 948 997
999 949 1049
1000 950 1001 1050
1001 951 1000 1002 1051
1002 952 1001 1003 1052
1003 953 1002 1004 1053
1004 954 1003 1054
1005 955 1006 1055
1006 956 1005 1007 1056
1007 957 1006 1008 1057
1008 958 1007 1009 1058
1009 959 1008 1010 1059
1010 960 1009 1011 1060
1011 961 1010 1012 1061
1012 1011 1013 1062
1013 963 1012 1014 1063
1014 964 1013 1015 1064
1015 965 1014 1016 1065
1016 966 1015 1017 1066
1017 1016 1018 1067
1018 968 1017 1019 1068
1019 969 1018 1020 1069
1020 970 1019 1021 1070
1021 971 1020 1022 1071
1022 972 1021 1023 1072
1023 973 1022 1024 1073
1024 974 1023 1025 1074
1025 975 1024 1026 1075
1026 976 1025 1027 1076
1027 977 1026 1028 1077
1028 1027 1078
1029 979 1030 1079
1030 980 1029 1031
1031 981 1030 1032 1081
1032 982 1031 1033 1082
1033 983 1032 1034 1083
1034 984 1033 1035 1084
1035 985 1034 1036 1085
1036 986 1035
1037 987 1087
1038 988 1039 1088
1039 989 1038 1040 1089
1040 990 1039 1041 1090
1041 991 1040 1042 1091
1042 992 1041 1043 1092
1043 993 1042 1044 1093
1044 994 1043 1045
1045 995 1044 1095
1046 1096
1047 997 1048 1097
1048 1047 1049 1098
1049 999 1048 1099
1050 1000 1051
1051 1001 1050 1052 1101
1052 1002 1051 1053 1102
1053 1003 1052 1054 1103
1054 1004 1053 1055 1104
1055 1005 1054 1056 1105
1056 1006 1055 1106
1057 1007 1058 1107
1058 1008 1057 1059 1108
1059 1009 1058 1060 1109
1060 1010 1059 1061 1110
1061 1011 1060 1062 1111
1062 1012 1061 1063 1112
1063 1013 1062 1064 1113
1064 1014 1063 1065 1114
1065 1015 1064 1066 1115
1066 1016 1065 1116
1067 1017 1068 1117
1068 1018 1067 1069 1118
1069 1019 1068 1070 1119
1070 1020 1069 1071 1120
1071 1021 1070 1072 1121
1072 1022 1071 1073 1122
1073 1023 1072 1074 1123
1074 1024 1073 1075 1124
1075 1025 1074 1076 1125
1076 1026 1075 1077 1126
1077 1027 1076 1078 1127
1078 1028 1077 1079 1128
1079 1029 1078 1080 1129
1080 1079 1081 1130
1081 1031 1080 1131
1082 1032 1083 1132
1083 1033 1082 1084
1084 1034 1083 1085 1134
1085 1035 1084 1086 1135
1086 1085 1087 1136
1087 1037 1086 1088 1137
1088 1038 1087 1089
1089 1039 1088 1090 1139
1090 1040 1089 1091 1140
1091 1041 1090 1092 1141
1092 1042 1091 1093 1142
1093 1043 1092 1094 1143
1094 1093 1095 1144
1095 1045 1094 1096 1145
1096 1046 1095 1097 1146
1097 1047 1096 1098 1147
1098 1048 1097 1099 1148
1099 1049 1098 1149
1100 1101 1150
1101 1051 1100 1102 1151
1102 1052 1101 1103 1152
1103 1053 1102 1104 1153
1104 1054 1103 1154
1105 1055 1106 1155
1106 1056 1105 1107 1156
1107 1057 1106 1108 1157
1108 1058 1107 1109 1158
1109 1059 1108 1110 1159
1110 1060 1109 1111 1160
1111 1061 1110 1112 1161
1112 1062 1111 1113
1113 1063 1112 1114 1163
1114 1064 1113 1115 1164
1115 1065 1114 1116 1165
1116 1066 1115 1117 1166
1117 1067 1116 1167
1118 1068 1119 1168
1119 1069 1118 1120
1120 1070 1119 1121 1170
1121 1071 1120 1122 1171
1122 1072 1121 1123 1172
1123 1073 1122 1124 1173
1124 1074 1123 1125 1174
1125 1075 1124 1126 1175
1126 1076 1125 1127 1176
1127 1077 1126 1177
1128 1078 1129 1178
1129 1079 1128 1130 1179
1130 1080 1129 1131 1180
1131 1081 1130 1132 1181
1132 1082 1131 1182
1133 1134
1134 1084 1133 1135 1184
1135 1085 1134 1136 1185
1136 1086 1135 1137 1186
1137 1087 1136 1138 1187
1138 1137 1139 1188
1139 1089 1138 1140 1189
1140 1090 1139 1141 1190
1141 1091 1140 1191
1142 1092 1143 1192
1143 1093 1142 1144 1193
1144 1094 1143 1194
1145 1095 1146 1195
1146 1096 1145 1147 1196
1147 1097 1146 1148 1197
1148 1098 1147 1149 1198
1149 1099 1148 1199
1150 1100 1151 1200
1151 1101 1150 1152 1201
1152 1102 1151 1153 1202
1153 1103 1152 1154
1154 1104 1153 1155 1204
1155 1105 1154 1156 1205
1156 1106 1155 1157 1206
1157 1107 1156 1158 1207
1158 1108 1157 1159 1208
1159 1109 1158 1160
1160 1110 1159 1161 1210
1161 1111 1160 1162 1211
1162 1161 1163
1163 1113 1162 1164 1213
1164 1114 1163 1214
1165 1115 1166 1215
1166 1116 1165 1167 1216
1167 1117 1166 1168 1217
1168 1118 1167 1169 1218
1169 1168 1170 1219
1170 1120 1169 1171 1220
1171 1121 1170 1172 1221
1172 1122 1171 1173 1222
1173 1123 1172 1174 1223
1174 1124 1173 1175 1224
1175 1125 1174 1176 1225
1176 1126 1175 1177 1226
1177 1127 1176 1178 1227
1178 1128 1177 1179 1228
1179 1129 1178 1180 1229
1180 1130 1179 1181 1230
1181 1131 1180 1231
1182 1132 1232
1183 1184
1184 1134 1183 1185 1234
1185 1135 1184 1186 1235
1186 1136 1185 1187 1236
1187 1137 1186 1188 1237
1188 1138 1187 1189 1238
1189 1139 1188 1190 1239
1190 1140 1189 1191 1240
1191 1141 1190 1192
1192 1142 1191 1193 1242
1193 1143 1192 1194 1243
1194 1144 1193 1195 1244
1195 1145 1194 1196 1245
1196 1146 1195 1197 1246
1197 1147 1196 1247
1198 1148 1199 1248
1199 1149 1198 1249
1200 1150 1201 1250
1201 1151 1200 1202 1251
1202 1152 1201 1203 1252
1203 1202 1253
1204 1154 1205 1254
1205 1155 1204 1206 1255
1206 1156 1205 1207 1256
1207 1157 1206 1208 1257
1208 1158 1207 1209 1258
1209 1208 1210 1259
1210 1160 1209 1211 1260
1211 1161 1210 1212
1212 1211 1213 1262
1213 1163 1212 1214 1263
1214 1164 1213 1215 1264
1215 1165 1214 1216 1265
1216 1166 1215 1217
1217 1167 1216 1218 1267
1218 1168 1217 1219 1268
1219 1169 1218 1220 1269
1220 1170 1219 1221 1270
1221 1171 1220 1222
1222 1172 1221 1223 1272
1223 1173 1222 1224 1273
1224 1174 1223 1225 1274
1225 1175 1224 1226 1275
1226 1176 1225 1227 1276
1227 1177 1226 1228 1277
1228 1178 1227 1229 1278
1229 1179 1228 1279
1230 1180 1231
1231 1181 1230 1232 1281
1232 1182 1231 1233 1282
1233 1232 1234 1283
1234 1184 1233 1235 1284
1235 1185 1234 1236 1285
1236 1186 1235 1286
1237 1187 1238
1238 1188 1237 1239 1288
1239 1189 1238 1240 1289
1240 1190 1239 1241
1241 1240 1242 1291
1242 1192 1241 1243 1292
1243 1193 1242 1293
1244 1194 1245
1245 1195 1244 1246 1295
1246 1196 1245 1247 1296
1247 1197 1246 1248 1297
1248 1198 1247 1249 1298
1249 1199 1248 1299
1250 1200 1251 1300
1251 1201 1250 1301
1252 1202 1253 1302
1253 1203 1252 1254 1303
1254 1204 1253 1255 1304
1255 1205 1254 1256 1305
1256 1206 1255 1257 1306
1257 1207 1256 1307
1258 1208 1259 1308
1259 1209 1258 1260 1309
1260 1210 1259 1261 1310
1261 1260 1311
1262 1212 1263 1312
1263 1213 1262 1264 1313
1264 1214 1263 1265 1314
1265 1215 1264 1266
1266 1265 1267 1316
1267 1217 1266 1268 1317
1268 1218 1267 1269 1318
1269 1219 1268 1270 1319
1270 1220 1269 1271 1320
1271 1270 1272 1321
1272 1222 1271 1273 1322
1273 1223 1272 1274 1323
1274 1224 1273 1275 1324
1275 1225 1274 1276 1325
1276 1226 1275 1277 1326
1277 1227 1276 1278 1327
1278 1228 1277 1279 1328
1279 1229 1278 1280 1329
1280 1279 1281
1281 1231 1280 1331
1282 1232 1283 1332
1283 1233 1282 1284 1333
1284 1234 1283 1285 1334
1285 1235 1284 1286 1335
1286 1236 1285 1287
1287 1286 1288 1337
1288 1238 1287 1289 1338
1289 1239 1288 1290 1339
1290 1289 1291 1340
1291 1241 1290 1292 1341
1292 1242 1291 1293
1293 1243 1292 1294 1343
1294 1293 1295 1344
1295 1245 1294 1296 1345
1296 1246 1295 1297 1346
1297 1247 1296 1347
1298 1248 1348
1299 1249
1300 1250 1350
1301 1251 1302 1351
1302 1252 1301 1352
1303 1253 1304 1353
1304 1254 1303 1354
1305 1255 1306 1355
1306 1256 1305 1307 1356
1307 1257 1306 1308 1357
1308 1258 1307 1309 1358
1309 1259 1308 1310 1359
1310 1260 1309 1311 1360
1311 1261 1310 1312 1361
1312 1262 1311 1313 1362
1313 1263 1312 1314 1363
1314 1264 1313 1315 1364
1315 1314 1316 1365
1316 1266 1315 1317 1366
1317 1267 1316 1318 1367
1318 1268 1317 1319 1368
1319 1269 1318 1320 1369
1320 1270 1319 1321 1370
1321 1271 1320 1322
1322 1272 1321 1323 1372
1323 1273 1322 1324 1373
1324 1274 1323 1325 1374
1325 1275 1324 1326 1375
1326 1276 1325 1327 1376
1327 1277 1326 1328 1377
1328 1278 1327
1329 1279 1330 1379
1330 1329 1331 1380
1331 1281 1330 1332
1332 1282 1331 1333 1382
1333 1283 1332 1334
1334 1284 1333 1335 1384
1335 1285 1334 1336 1385
1336 1335 1337
1337 1287 1336 1338 1387
1338 1288 1337 1339 1388
1339 1289 1338 1340 1389
1340 1290 1339 1341 1390
1341 1291 1340 1342 1391
1342 1341 1343 1392
1343 1293 1342 1393
1344 1294 1345 1394
1345 1295 1344 1346 1395
1346 1296 1345 1347 1396
1347 1297 1346 1348 1397
1348 1298 1347 1349 1398
1349 1348 1399
1350 1300 1400
1351 1301 1352 1401
1352 1302 1351 1353 1402
1353 1303 1352 1354 1403
1354 1304 1353 1355 1404
1355 1305 1354 1356 1405
1356 1306 1355 1357 1406
1357 1307 1356 1358 1407
1358 1308 1357 1359 1408
1359 1309 1358 1360 1409
1360 1310 1359 1410
1361 1311 1362 1411
1362 1312 1361 1363 1412
1363 1313 1362
1364 1314 1365 1414
1365 1315 1364 1366 1415
1366 1316 1365 1367 1416
1367 1317 1366 1368 1417
1368 1318 1367 1369 1418
1369 1319 1368 1370 1419
1370 1320 1369 1371 1420
1371 1370 1421
1372 1322 1373 1422
1373 1323 1372 1374 1423
1374 1324 1373 1375
1375 1325 1374 1376
1376 1326 1375 1377 1426
1377 1327 1376 1378
1378 1377 1379 1428
1379 1329 1378 1380 1429
1380 1330 1379 1381 1430
1381 1380 1382 1431
1382 1332 1381 1383 1432
1383 1382 1384 1433
1384 1334 1383 1385 1434
1385 1335 1384 1386 1435
1386 1385 1436
1387 1337
1388 1338 1389 1438
1389 1339 1388 1390 1439
1390 1340 1389 1391 1440
1391 1341 1390 1392 1441
1392 1342 1391 1393 1442
1393 1343 1392 1394
1394 1344 1393 1395 1444
1395 1345 1394 1396 1445
1396 1346 1395 1397 1446
1397 1347 1396 1398
1398 1348 1397 1399 1448
1399 1349 1398 1449
1400 1350 1401 1450
1401 1351 1400 1451
1402 1352 1403 1452
1403 1353 1402 1404 1453
1404 1354 1403 1405 1454
1405 1355 1404 1406 1455
1406 1356 1405 1407 1456
1407 1357 1406 1408 1457
1408 1358 1407 1409 1458
1409 1359 1408 1410 1459
1410 1360 1409 1411 1460
1411 1361 1410 1461
1412 1362 1413 1462
1413 1412 1414 1463
1414 1364 1413 1415 1464
1415 1365 1414 1416 1465
1416 1366 1415 1417 1466
1417 1367 1416 1418 1467
1418 1368 1417 1419 1468
1419 1369 1418 1420 1469
1420 1370 1419 1421 1470
1421 1371 1420 1471
1422 1372 1423 1472
1423 1373 1422 1424
1424 1423 1425
1425 1424 1426 1475
1426 1376 1425 1427 1476
1427 1426 1428 1477
1428 1378 1427 1429 1478
1429 1379 1428 1479
1430 1380 1431 1480
1431 1381 1430 1432 1481
1432 1382 1431 1433 1482
1433 1383 1432 1434 1483
1434 1384 1433 1435 1484
1435 1385 1434 1436 1485
1436 1386 1435 1437 1486
1437 1436 1438 1487
1438 1388 1437 1439 1488
1439 1389 1438 1440 1489
1440 1390 1439 1441 1490
1441 1391 1440 1442 1491
1442 1392 1441 1443 1492
1443 1442 1444 1493
1444 1394 1443 1445 1494
1445 1395 1444 1446 1495
1446 1396 1445 1447 1496
1447 1446 1448 1497
1448 1398 1447 1449 1498
1449 1399 1448 1499
1450 1400 1451 1500
1451 1401 1450 1452 1501
1452 1402 1451 1453 1502
1453 1403 1452 1454 1503
1454 1404 1453 1504
1455 1405 1456 1505
1456 1406 1455 1506
1457 1407 1458 1507
1458 1408 1457 1459 1508
1459 1409 1458 1509
1460 1410 1461
1461 1411 1460 1462 1511
1462 1412 1461 1463 1512
1463 1413 1462 1464 1513
1464 1414 1463 1465 1514
1465 1415 1464 1515
1466 1416 1467 1516
1467 1417 1466 1517
1468 1418 1469 1518
1469 1419 1468 1470 1519
1470 1420 1469 1471 1520
1471 1421 1470 1472 1521
1472 1422 1471 1473 1522
1473 1472 1474 1523
1474 1473 1475 1524
1475 1425 1474 1476 1525
1476 1426 1475 1477 1526
1477 1427 1476 1478 1527
1478 1428 1477 1479 1528
1479 1429 1478 1480 1529
1480 1430 1479 1481 1530
1481 1431 1480 1482 1531
1482 1432 1481 1532
1483 1433 1484 1533
1484 1434 1483 1485 1534
1485 1435 1484 1486 1535
1486 1436 1485 1487 1536
1487 1437 1486 1488 1537
1488 1438 1487 1489 1538
1489 1439 1488 1490 1539
1490 1440 1489 1491 1540
1491 1441 1490 1492
1492 1442 1491 1493 1542
1493 1443 1492 1494 1543
1494 1444 1493 1495 1544
1495 1445 1494
1496 1446 1497 1546
1497 1447 1496 1498 1547
1498 1448 1497 1499 1548
1499 1449 1498 1549
1500 1450 1501 1550
1501 1451 1500 1502 1551
1502 1452 1501 1503
1503 1453 1502 1504
1504 1454 1503 1505 1554
1505 1455 1504 1506 1555
1506 1456 1505 1556
1507 1457 1508
1508 1458 1507 1509 1558
1509 1459 1508 1510 1559
1510 1509 1511 1560
1511 1461 1510 1561
1512 1462 1513 1562
1513 1463 1512 1514 1563
1514 1464 1513 1515 1564
1515 1465 1514 1516 1565
1516 1466 1515 1517 1566
1517 1467 1516 1518 1567
1518 1468 1517 1519 1568
1519 1469 1518 1520 1569
1520 1470 1519 1521 1570
1521 1471 1520 1522 1571
1522 1472 1521 1523 1572
1523 1473 1522 1524 1573
1524 1474 1523 1574
1525 1475 1526 1575
1526 1476 1525 1527 1576
1527 1477 1526 1528 1577
1528 1478 1527 1529 1578
1529 1479 1528 1530 1579
1530 1480 1529 1531 1580
1531 1481 1530 1532 1581
1532 1482 1531 1533
1533 1483 1532 1534 1583
1534 1484 1533 1535
1535 1485 1534 1536 1585
1536 1486 1535 1586
1537 1487 1538 1587
1538 1488 1537 1539 1588
1539 1489 1538 1540 1589
1540 1490 1539 1541 1590
1541 1540 1542 1591
1542 1492 1541 1543 1592
1543 1493 1542 1544 1593
1544 1494 1543 1545 1594
1545 1544 1546 1595
1546 1496 1545 1547 1596
1547 1497 1546 1548 1597
1548 1498 1547 1549 1598
1549 1499 1548 1599
1550 1500 1551 1600
1551 1501 1550 1552 1601
1552 1551 1553
1553 1552 1554 1603
1554 1504 1553 1555
1555 1505 1554 1556 1605
1556 1506 1555 1557 1606
1557 1556 1558 1607
1558 1508 1557 1559 1608
1559 1509 1558 1560
1560 1510 1559 1561 1610
1561 1511 1560 1562 1611
1562 1512 1561 1563 1612
1563 1513 1562 1564 1613
1564 1514 1563 1565 1614
1565 1515 1564 1566 1615
1566 1516 1565 1567 1616
1567 1517 1566 1568 1617
1568 1518 1567 1569 1618
1569 1519 1568 1570 1619
1570 1520 1569 1571 1620
1571 1521 1570 1572
1572 1522 1571 1573 1622
1573 1523 1572 1574 1623
1574 1524 1573 1575 1624
1575 1525 1574 1576
1576 1526 1575 1577 1626
1577 1527 1576 1578 1627
1578 1528 1577 1579 1628
1579 1529 1578 1580 1629
1580 1530 1579 1581 1630
1581 1531 1580 1582
1582 1581 1632
1583 1533 1584 1633
1584 1583 1585 1634
1585 1535 1584 1586 1635
1586 1536 1585 1587 1636
1587 1537 1586 1588 1637
1588 1538 1587 1589 1638
1589 1539 1588 1590 1639
1590 1540 1589 1591 1640
1591 1541 1590 1592 1641
1592 1542 1591 1593 1642
1593 1543 1592 1594 1643
1594 1544 1593 1595 1644
1595 1545 1594 1596 1645
1596 1546 1595 1597 1646
1597 1547 1596 1598 1647
1598 1548 1597 1648
1599 1549
1600 1550 1601 1650
1601 1551 1600 1602 1651
1602 1601 1603 1652
1603 1553 1602 1604 1653
1604 1603 1605 1654
1605 1555 1604 1606 1655
1606 1556 1605 1607 1656
1607 1557 1606 1608 1657
1608 1558 1607 1609 1658
1609 1608 1610 1659
1610 1560 1609 1611 1660
1611 1561 1610 1612 1661
1612 1562 1611 1613 1662
1613 1563 1612 1614
1614 1564 1613 1664
1615 1565 1616 1665
1616 1566 1615 1617 1666
1617 1567 1616 1618 1667
1618 1568 1617 1619 1668
1619 1569 1618 1669
1620 1570 1621 1670
1621 1620 1622
1622 1572 1621 1623 1672
1623 1573 1622 1624 1673
1624 1574 1623 1625 1674
1625 1624 1626 1675
1626 1576 1625 1627 1676
1627 1577 1626 1628 1677
1628 1578 1627 1629 1678
1629 1579 1628 1630 1679
1630 1580 1629 1631 1680
1631 1630 1632 1681
1632 1582 1631 1633 1682
1633 1583 1632 1634 1683
1634 1584 1633 1635 1684
1635 1585 1634 1636 1685
1636 1586 1635 1637 1686
1637 1587 1636 1638 1687
1638 1588 1637 1639 1688
1639 1589 1638 1640 1689
1640 1590 1639 1641
1641 1591 1640 1642 1691
1642 1592 1641 1643
1643 1593 1642 1644 1693
1644 1594 1643 1645 1694
1645 1595 1644 1695
1646 1596 1647 1696
1647 1597 1646 1697
1648 1598
1649 1699
1650 1600 1651
1651 1601 1650 1652 1701
1652 1602 1651 1702
1653 1603 1654
1654 1604 1653 1655 1704
1655 1605 1654 1705
1656 1606 1657 1706
1657 1607 1656 1658 1707
1658 1608 1657 1659 1708
1659 1609 1658 1709
1660 1610 1661 1710
1661 1611 1660 1662 1711
1662 1612 1661 1663 1712
1663 1662 1664 1713
1664 1614 1663 1665
1665 1615 1664 1666
1666 1616 1665 1667 1716
1667 1617 1666 1668 1717
1668 1618 1667 1669
1669 1619 1668 1670 1719
1670 1620 1669 1671 1720
1671 1670 1672 1721
1672 1622 1671 1673 1722
1673 1623 1672 1674 1723
1674 1624 1673 1675 1724
1675 1625 1674 1676 1725
1676 1626 1675 1677 1726
1677 1627 1676 1678 1727
1678 1628 1677 1679 1728
1679 1629 1678 1680
1680 1630 1679 1681 1730
1681 1631 1680 1682 1731
1682 1632 1681 1683 1732
1683 1633 1682
1684 1634 1685 1734
1685 1635 1684 1686 1735
1686 1636 1685 1687 1736
1687 1637 1686 1688 1737
1688 1638 1687 1689 1738
1689 1639 1688 1690
1690 1689 1691
1691 1641 1690 1692 1741
1692 1691 1693 1742
1693 1643 1692 1694 1743
1694 1644 1693 1695
1695 1645 1694 1696 1745
1696 1646 1695 1697 1746
1697 1647 1696 1698 1747
1698 1697 1699 1748
1699 1649 1698 1749
1700 1701 1750
1701 1651 1700 1702 1751
1702 1652 1701 1703 1752
1703 1702 1704 1753
1704 1654 1703 1705 1754
1705 1655 1704 1706 1755
1706 1656 1705 1707 1756
1707 1657 1706 1708 1757
1708 1658 1707 1709 1758
1709 1659 1708 1710 1759
1710 1660 1709 1711 1760
1711 1661 1710 1712 1761
1712 1662 1711 1713 1762
1713 1663 1712 1714
1714 1713 1715 1764
1715 1714 1716 1765
1716 1666 1715 1717
1717 1667 1716 1718
1718 1717 1719 1768
1719 1669 1718 1720 1769
1720 1670 1719 1721 1770
1721 1671 1720 1722 1771
1722 1672 1721 1723 1772
1723 1673 1722 1773
1724 1674 1725
1725 1675 1724 1726 1775
1726 1676 1725 1727 1776
1727 1677 1726 1728 1777
1728 1678 1727 1729
1729 1728 1730 1779
1730 1680 1729 1731 1780
1731 1681 1730 1732 1781
1732 1682 1731 1733 1782
1733 1732 1783
1734 1684 1735 1784
1735 1685 1734 1785
1736 1686 1737 1786
1737 1687 1736 1738 1787
1738 1688 1737 1739 1788
1739 1738 1789
1740 1741 1790
1741 1691 1740 1742
1742 1692 1741 1743 1792
1743 1693 1742 1744 1793
1744 1743 1745 1794
1745 1695 1744 1746
1746 1696 1745 1747 1796
1747 1697 1746 1748 1797
1748 1698 1747 1749 1798
1749 1699 1748 1799
1750 1700 1751 1800
1751 1701 1750 1752 1801
1752 1702 1751 1753 1802
1753 1703 1752 1754
1754 1704 1753 1755 1804
1755 1705 1754 1756 1805
1756 1706 1755 1757 1806
1757 1707 1756 1758 1807
1758 1708 1757 1759 1808
1759 1709 1758 1809
1760 1710 1761 1810
1761 1711 1760 1762 1811
1762 1712 1761 1763 1812
1763 1762 1764
1764 1714 1763 1765 1814
1765 1715 1764 1815
1766 1767 1816
1767 1766 1817
1768 1718 1769 1818
1769 1719 1768 1770 1819
1770 1720 1769 1771 1820
1771 1721 1770 1772 1821
1772 1722 1771 1773 1822
1773 1723 1772 1774 1823
1774 1773 1775 1824
1775 1725 1774 1776 1825
1776 1726 1775 1777 1826
1777 1727 1776 1778 1827
1778 1777 1779 1828
1779 1729 1778 1780 1829
1780 1730 1779 1781 1830
1781 1731 1780 1782 1831
1782 1732 1781 1832
1783 1733 1784 1833
1784 1734 1783 1785 1834
1785 1735 1784 1786 1835
1786 1736 1785 1787 1836
1787 1737 1786 1788 1837
1788 1738 1787 1789
1789 1739 1788 1790 1839
1790 1740 1789 1840
1791 1792 1841
1792 1742 1791 1793
1793 1743 1792 1794 1843
1794 1744 1793 1795 1844
1795 1794 1796
1796 1746 1795 1797 1846
1797 1747 1796 1798 1847
1798 1748 1797 1799 1848
1799 1749 1798 1849
1800 1750 1801 1850
1801 1751 1800 1802 1851
1802 1752 1801 1803 1852
1803 1802 1804 1853
1804 1754 1803 1805 1854
1805 1755 1804 1806 1855
1806 1756 1805 1807 1856
1807 1757 1806 1808 1857
1808 1758 1807 1809 1858
1809 1759 1808 1810 1859
1810 1760 1809 1811 1860
1811 1761 1810 1812 1861
1812 1762 1811 1813
1813 1812 1814 1863
1814 1764 1813 1815 1864
1815 1765 1814 1816 1865
1816 1766 1815 1817 1866
1817 1767 1816 1818 1867
1818 1768 1817 1819 1868
1819 1769 1818 1820 1869
1820 1770 1819 1821 1870
1821 1771 1820 1822
1822 1772 1821 1823 1872
1823 1773 1822 1824 1873
1824 1774 1823 1825 1874
1825 1775 1824 1875
1826 1776 1827 1876
1827 1777 1826 1828 1877
1828 1778 1827 1829 1878
1829 1779 1828 1879
1830 1780 1831 1880
1831 1781 1830 1832 1881
1832 1782 1831 1833 1882
1833 1783 1832 1834 1883
1834 1784 1833 1835 1884
1835 1785 1834 1836 1885
1836 1786 1835 1837 1886
1837 1787 1836 1838 1887
1838 1837 1839
1839 1789 1838 1840 1889
1840 1790 1839 1841
1841 1791 1840 1842 1891
1842 1841 1843 1892
1843 1793 1842 1844 1893
1844 1794 1843 1894
1845 1895
1846 1796 1896
1847 1797 1897
1848 1798 1849 1898
1849 1799 1848 1899
1850 1800 1851 1900
1851 1801 1850 1852 1901
1852 1802 1851 1853
1853 1803 1852 1854 1903
1854 1804 1853 1855 1904
1855 1805 1854 1856 1905
1856 1806 1855 1857 1906
1857 1807 1856 1858 1907
1858 1808 1857 1859 1908
1859 1809 1858 1860 1909
1860 1810 1859 1910
1861 1811 1862 1911
1862 1861 1912
1863 1813 1913
1864 1814 1865 1914
1865 1815 1864 1866 1915
1866 1816 1865 1867 1916
1867 1817 1866 1868 1917
1868 1818 1867 1869 1918
1869 1819 1868 1870 1919
1870 1820 1869 1920
1871 1921
1872 1822 1873 1922
1873 1823 1872 1874 1923
1874 1824 1873 1875 1924
1875 1825 1874 1876 1925
1876 1826 1875 1877 1926
1877 1827 1876 1878 1927
1878 1828 1877 1879 1928
1879 1829 1878 1929
1880 1830 1881 1930
1881 1831 1880 1882 1931
1882 1832 1881 1883 1932
1883 1833 1882 1884 1933
1884 1834 1883 1934
1885 1835 1886 1935
1886 1836 1885 1887 1936
1887 1837 1886 1888 1937
1888 1887 1889
1889 1839 1888 1890 1939
1890 1889 1891 1940
1891 1841 1890 1892 1941
1892 1842 1891 1893 1942
1893 1843 1892 1894 1943
1894 1844 1893 1895 1944
1895 1845 1894 1896 1945
1896 1846 1895 1897 1946
1897 1847 1896 1898 1947
1898 1848 1897 1899 1948
1899 1849 1898 1949
1900 1850
1901 1851 1951
1902 1903 1952
1903 1853 1902 1904 1953
1904 1854 1903 1905 1954
1905 1855 1904 1906 1955
1906 1856 1905 1907 1956
1907 1857 1906 1908 1957
1908 1858 1907 1909 1958
1909 1859 1908 1910 1959
1910 1860 1909 1911 1960
1911 1861 1910 1912 1961
1912 1862 1911 1913 1962
1913 1863 1912 1914 1963
1914 1864 1913 1915 1964
1915 1865 1914 1916
1916 1866 1915 1966
1917 1867 1918 1967
1918 1868 1917 1919 1968
1919 1869 1918 1920 1969
1920 1870 1919 1921
1921 1871 1920 1971
1922 1872 1923 1972
1923 1873 1922 1924 1973
1924 1874 1923 1925 1974
1925 1875 1924 1975
1926 1876 1927 1976
1927 1877 1926 1928 1977
1928 1878 1927 1929
1929 1879 1928 1930 1979
1930 1880 1929 1931
1931 1881 1930 1932
1932 1882 1931 1933 1982
1933 1883 1932 1934
1934 1884 1933 1935 1984
1935 1885 1934 1936 1985
1936 1886 1935 1937
1937 1887 1936 1938 1987
1938 1937 1939 1988
1939 1889 1938 1989
1940 1890 1941 1990
1941 1891 1940 1942 1991
1942 1892 1941 1943 1992
1943 1893 1942 1944 1993
1944 1894 1943 1945 1994
1945 1895 1944 1946 1995
1946 1896 1945 1947 1996
1947 1897 1946 1997
1948 1898 1998
1949 1899 1999
1950 1951 2000
1951 1901 1950
1952 1902 1953 2002
1953 1903 1952 1954 2003
1954 1904 1953 1955
1955 1905 1954 1956 2005
1956 1906 1955 1957 2006
1957 1907 1956 1958 2007
1958 1908 1957 1959 2008
1959 1909 1958 2009
1960 1910 1961 2010
1961 1911 1960 1962 2011
1962 1912 1961 2012
1963 1913 1964 2013
1964 1914 1963 1965 2014
1965 1964 1966 2015
1966 1916 1965 1967 2016
1967 1917 1966 2017
1968 1918 1969 2018
1969 1919 1968 2019
1970 2020
1971 1921 1972 2021
1972 1922 1971 1973 2022
1973 1923 1972 1974 2023
1974 1924 1973 1975
1975 1925 1974 1976 2025
1976 1926 1975 2026
1977 1927 2027
1978 1979 2028
1979 1929 1978 1980 2029
1980 1979 2030
1981 1982 2031
1982 1932 1981 1983 2032
1983 1982 1984 2033
1984 1934 1983 1985 2034
1985 1935 1984 1986 2035
1986 1985 1987 2036
1987 1937 1986 1988 2037
1988 1938 1987 1989 2038
1989 1939 1988 1990 2039
1990 1940 1989 1991 2040
1991 1941 1990 2041
1992 1942 1993 2042
1993 1943 1992 1994 2043
1994 1944 1993 1995 2044
1995 1945 1994 1996 2045
1996 1946 1995 1997 2046
1997 1947 1996 1998 2047
1998 1948 1997 1999 2048
1999 1949 1998 2049
2000 1950 2001 2050
2001 2000 2002 2051
2002 1952 2001 2003 2052
2003 1953 2002 2004 2053
2004 2003 2005 2054
2005 1955 2004 2006 2055
2006 1956 2005 2007 2056
2007 1957 2006 2008 2057
2008 1958 2007 2009 2058
2009 1959 2008 2010 2059
2010 1960 2009 2011
2011 1961 2010 2012 2061
2012 1962 2011 2013 2062
2013 1963 2012 2014 2063
2014 1964 2013 2015 2064
2015 1965 2014 2065
2016 1966 2017 2066
2017 1967 2016 2018 2067
2018 1968 2017 2019 2068
2019 1969 2018 2069
2020 1970 2021 2070
2021 1971 2020 2022 2071
2022 1972 2021 2023 2072
2023 1973 2022 2024 2073
2024 2023 2025 2074
2025 1975 2024 2026 2075
2026 1976 2025 2027 2076
2027 1977 2026 2028 2077
2028 1978 2027 2029 2078
2029 1979 2028 2079
2030 1980 2031 2080
2031 1981 2030 2032
2032 1982 2031 2082
2033 1983 2034 2083
2034 1984 2033 2084
2035 1985 2036 2085
2036 1986 2035 2037 2086
2037 1987 2036
2038 1988 2039 2088
2039 1989 2038 2040 2089
2040 1990 2039 2041 2090
2041 1991 2040 2042 2091
2042 1992 2041 2092
2043 1993 2044
2044 1994 2043 2094
2045 1995 2046 2095
2046 1996 2045 2047 2096
2047 1997 2046 2048 2097
2048 1998 2047 2049 2098
2049 1999 2048 2099
2050 2000 2051 2100
2051 2001 2050 2052 2101
2052 2002 2051 2053 2102
2053 2003 2052 2103
2054 2004 2055 2104
2055 2005 2054 2105
2056 2006 2057 2106
2057 2007 2056 2058 2107
2058 2008 2057 2059 2108
2059 2009 2058 2060 2109
2060 2059 2061 2110
2061 2011 2060 2062 2111
2062 2012 2061 2063 2112
2063 2013 2062 2064 2113
2064 2014 2063 2065 2114
2065 2015 2064 2066 2115
2066 2016 2065 2067 2116
2067 2017 2066 2117
2068 2018 2069 2118
2069 2019 2068 2070 2119
2070 2020 2069 2071 2120
2071 2021 2070 2072 2121
2072 2022 2071 2073 2122
2073 2023 2072 2074 2123
2074 2024 2073 2075 2124
2075 2025 2074 2076 2125
2076 2026 2075 2077 2126
2077 2027 2076 2078 2127
2078 2028 2077 2079 2128
2079 2029 2078 2129
2080 2030 2081 2130
2081 2080 2082 2131
2082 2032 2081 2083 2132
2083 2033 2082 2084 2133
2084 2034 2083 2085 2134
2085 2035 2084 2086 2135
2086 2036 2085 2087 2136
2087 2086 2088 2137
2088 2038 2087 2089
2089 2039 2088 2090 2139
2090 2040 2089 2091
2091 2041 2090 2092 2141
2092 2042 2091 2093 2142
2093 2092 2094 2143
2094 2044 2093 2095 2144
2095 2045 2094 2096
2096 2046 2095 2097 2146
2097 2047 2096 2098 2147
2098 2048 2097 2148
2099 2049 2149
2100 2050 2101 2150
2101 2051 2100 2102 2151
2102 2052 2101 2103 2152
2103 2053 2102 2104 2153
2104 2054 2103 2105 2154
2105 2055 2104 2106 2155
2106 2056 2105 2107 2156
2107 2057 2106 2108 2157
2108 2058 2107 2109 2158
2109 2059 2108
2110 2060 2111 2160
2111 2061 2110 2112 2161
2112 2062 2111 2113 2162
2113 2063 2112 2114 2163
2114 2064 2113 2115 2164
2115 2065 2114
2116 2066 2117 2166
2117 2067 2116 2118 2167
2118 2068 2117 2119 2168
2119 2069 2118 2120 2169
2120 2070 2119 2121 2170
2121 2071 2120 2122 2171
2122 2072 2121 2123
2123 2073 2122 2124 2173
2124 2074 2123 2125 2174
2125 2075 2124 2126 2175
2126 2076 2125 2176
2127 2077 2128 2177
2128 2078 2127 2129 2178
2129 2079 2128 2130 2179
2130 2080 2129 2131 2180
2131 2081 2130 2132 2181
2132 2082 2131 2133 2182
2133 2083 2132 2134 2183
2134 2084 2133 2135 2184
2135 2085 2134
2136 2086 2137 2186
2137 2087 2136 2187
2138 2139 2188
2139 2089 2138 2140 2189
2140 2139 2141 2190
2141 2091 2140 2142 2191
2142 2092 2141 2143 2192
2143 2093 2142 2144 2193
2144 2094 2143 2145 2194
2145 2144 2146 2195
2146 2096 2145 2147 2196
2147 2097 2146 2148 2197
2148 2098 2147 2149 2198
2149 2099 2148 2199
2150 2100 2151 2200
2151 2101 2150 2152 2201
2152 2102 2151 2153 2202
2153 2103 2152 2203
2154 2104 2155 2204
2155 2105 2154 2156 2205
2156 2106 2155 2157 2206
2157 2107 2156 2158 2207
2158 2108 2157 2159 2208
2159 2158 2160 2209
2160 2110 2159 2161 2210
2161 2111 2160 2211
2162 2112 2163 2212
2163 2113 2162 2164 2213
2164 2114 2163 2165 2214
2165 2164 2215
2166 2116 2167 2216
2167 2117 2166 2217
2168 2118 2169 2218
2169 2119 2168 2170 2219
2170 2120 2169 2171 2220
2171 2121 2170 2172 2221
2172 2171 2222
2173 2123 2174 2223
2174 2124 2173 2175 2224
2175 2125 2174 2176 2225
2176 2126 2175 2177 2226
2177 2127 2176 2178 2227
2178 2128 2177 2179 2228
2179 2129 2178 2180 2229
2180 2130 2179 2181 2230
2181 2131 2180 2182 2231
2182 2132 2181 2183 2232
2183 2133 2182 2184 2233
2184 2134 2183 2185 2234
2185 2184 2186 2235
2186 2136 2185 2187 2236
2187 2137 2186 2188 2237
2188 2138 2187 2189 2238
2189 2139 2188 2190 2239
2190 2140 2189 2191 2240
2191 2141 2190 2192 2241
2192 2142 2191 2193 2242
2193 2143 2192 2194 2243
2194 2144 2193 2195 2244
2195 2145 2194 2196 2245
2196 2146 2195 2197 2246
2197 2147 2196 2198 2247
2198 2148 2197 2248
2199 2149 2249
2200 2150 2201 2250
2201 2151 2200 2202 2251
2202 2152 2201 2203 2252
2203 2153 2202 2204 2253
2204 2154 2203 2205 2254
2205 2155 2204 2206 2255
2206 2156 2205 2256
2207 2157 2257
2208 2158 2209 2258
2209 2159 2208 2210 2259
2210 2160 2209 2211 2260
2211 2161 2210 2212 2261
2212 2162 2211 2213 2262
2213 2163 2212 2214 2263
2214 2164 2213 2215 2264
2215 2165 2214 2216
2216 2166 2215 2266
2217 2167 2218
2218 2168 2217 2219
2219 2169 2218 2220 2269
2220 2170 2219 2221 2270
2221 2171 2220 2222 2271
2222 2172 2221 2223 2272
2223 2173 2222 2224 2273
2224 2174 2223 2225 2274
2225 2175 2224 2275
2226 2176 2227 2276
2227 2177 2226 2228 2277
2228 2178 2227 2229 2278
2229 2179 2228 2230 2279
2230 2180 2229 2280
2231 2181 2232 2281
2232 2182 2231 2233 2282
2233 2183 2232 2234 2283
2234 2184 2233 2235
2235 2185 2234 2236
2236 2186 2235 2237 2286
2237 2187 2236 2238 2287
2238 2188 2237 2239 2288
2239 2189 2238 2240 2289
2240 2190 2239 2241 2290
2241 2191 2240 2242
2242 2192 2241 2243 2292
2243 2193 2242 2244 2293
2244 2194 2243 2245 2294
2245 2195 2244 2246 2295
2246 2196 2245 2247 2296
2247 2197 2246 2248 2297
2248 2198 2247 2249 2298
2249 2199 2248 2299
2250 2200 2251 2300
2251 2201 2250 2252 2301
2252 2202 2251 2253 2302
2253 2203 2252 2254 2303
2254 2204 2253 2255 2304
2255 2205 2254 2256 2305
2256 2206 2255 2257 2306
2257 2207 2256 2258
2258 2208 2257 2259
2259 2209 2258 2260 2309
2260 2210 2259 2261 2310
2261 2211 2260 2262 2311
2262 2212 2261 2312
2263 2213 2264 2313
2264 2214 2263 2265 2314
2265 2264 2266
2266 2216 2265 2267 2316
2267 2266 2268 2317
2268 2267 2269 2318
2269 2219 2268 2319
2270 2220 2271 2320
2271 2221 2270 2272 2321
2272 2222 2271 2273 2322
2273 2223 2272 2274 2323
2274 2224 2273 2275 2324
2275 2225 2274 2276
2276 2226 2275 2277 2326
2277 2227 2276 2278 2327
2278 2228 2277 2279
2279 2229 2278 2280 2329
2280 2230 2279 2281 2330
2281 2231 2280 2282 2331
2282 2232 2281 2283 2332
2283 2233 2282 2284 2333
2284 2283 2334
2285 2286 2335
2286 2236 2285 2287 2336
2287 2237 2286 2288 2337
2288 2238 2287 2289 2338
2289 2239 2288 2339
2290 2240 2291
2291 2290 2292 2341
2292 2242 2291 2293 2342
2293 2243 2292 2294 2343
2294 2244 2293 2295 2344
2295 2245 2294 2296 2345
2296 2246 2295 2297 2346
2297 2247 2296 2298 2347
2298 2248 2297 2299 2348
2299 2249 2298 2349
2300 2250 2301 2350
2301 2251 2300 2302 2351
2302 2252 2301 2352
2303 2253
2304 2254 2305 2354
2305 2255 2304 2306 2355
2306 2256 2305 2307 2356
2307 2306 2308 2357
2308 2307 2358
2309 2259 2310 2359
2310 2260 2309 2311 2360
2311 2261 2310 2312 2361
2312 2262 2311 2313 2362
2313 2263 2312 2363
2314 2264 2315
2315 2314 2365
2316 2266 2317 2366
2317 2267 2316 2318 2367
2318 2268 2317 2319 2368
2319 2269 2318 2369
2320 2270 2321
2321 2271 2320 2322 2371
2322 2272 2321 2323 2372
2323 2273 2322 2324 2373
2324 2274 2323 2325 2374
2325 2324 2326 2375
2326 2276 2325 2327
2327 2277 2326 2328 2377
2328 2327 2329 2378
2329 2279 2328 2330 2379
2330 2280 2329 2331 2380
2331 2281 2330 2332 2381
2332 2282 2331 2333 2382
2333 2283 2332 2334 2383
2334 2284 2333 2335
2335 2285 2334 2336 2385
2336 2286 2335 2386
2337 2287 2338 2387
2338 2288 2337 2339 2388
2339 2289 2338 2340 2389
2340 2339 2341 2390
2341 2291 2340 2342
2342 2292 2341 2343 2392
2343 2293 2342 2393
2344 2294 2345 2394
2345 2295 2344 2346 2395
2346 2296 2345 2347 2396
2347 2297 2346 2348 2397
2348 2298 2347 2349 2398
2349 2299 2348 2399
2350 2300 2351 2400
2351 2301 2350 2352 2401
2352 2302 2351 2353 2402
2353 2352 2354 2403
2354 2304 2353 2355 2404
2355 2305 2354 2356 2405
2356 2306 2355 2357
2357 2307 2356 2358 2407
2358 2308 2357 2359 2408
2359 2309 2358 2360 2409
2360 2310 2359 2361 2410
2361 2311 2360 2362 2411
2362 2312 2361
2363 2313 2364 2413
2364 2363 2365 2414
2365 2315 2364 2366 2415
2366 2316 2365 2367 2416
2367 2317 2366 2368
2368 2318 2367 2369 2418
2369 2319 2368 2370 2419
2370 2369 2371 2420
2371 2321 2370 2421
2372 2322 2422
2373 2323 2374 2423
2374 2324 2373 2424
2375 2325 2376 2425
2376 2375 2377 2426
2377 2327 2376 2378 2427
2378 2328 2377 2379 2428
2379 2329 2378 2380 2429
2380 2330 2379 2381 2430
2381 2331 2380 2382 2431
2382 2332 2381 2383
2383 2333 2382 2384 2433
2384 2383 2385 2434
2385 2335 2384 2386 2435
2386 2336 2385 2436
2387 2337 2388 2437
2388 2338 2387 2389 2438
2389 2339 2388 2390 2439
2390 2340 2389 2391 2440
2391 2390 2441
2392 2342 2393 2442
2393 2343 2392 2394 2443
2394 2344 2393 2395 2444
2395 2345 2394 2396 2445
2396 2346 2395 2397 2446
2397 2347 2396 2398 2447
2398 2348 2397 2399 2448
2399 2349 2398 2449
2400 2350 2450
2401 2351 2402 2451
2402 2352 2401 2403 2452
2403 2353 2402 2404 2453
2404 2354 2403 2405 2454
2405 2355 2404 2406 2455
2406 2405 2407 2456
2407 2357 2406 2408 2457
2408 2358 2407 2409 2458
2409 2359 2408 2410 2459
2410 2360 2409 2411 2460
2411 2361 2410 2412 2461
2412 2411 2413 2462
2413 2363 2412 2414 2463
2414 2364 2413 2415 2464
2415 2365 2414 2416 2465
2416 2366 2415 2417 2466
2417 2416 2418 2467
2418 2368 2417 2419 2468
2419 2369 2418 2420 2469
2420 2370 2419 2421 2470
2421 2371 2420 2422 2471
2422 2372 2421 2423
2423 2373 2422 2424 2473
2424 2374 2423 2474
2425 2375 2426 2475
2426 2376 2425 2427 2476
2427 2377 2426 2428 2477
2428 2378 2427 2429 2478
2429 2379 2428 2430 2479
2430 2380 2429 2431 2480
2431 2381 2430 2432 2481
2432 2431 2433 2482
2433 2383 2432 2434 2483
2434 2384 2433 2435 2484
2435 2385 2434 2436 2485
2436 2386 2435 2437 2486
2437 2387 2436 2438
2438 2388 2437 2439 2488
2439 2389 2438 2440 2489
2440 2390 2439 2441 2490
2441 2391 2440 2442 2491
2442 2392 2441 2443 2492
2443 2393 2442 2444 2493
2444 2394 2443 2445 2494
2445 2395 2444 2446 2495
2446 2396 2445 2447 2496
2447 2397 2446 2448 2497
2448 2398 2447 2449 2498
2449 2399 2448 2499
2450 2400 2451
2451 2401 2450 2452
2452 2402 2451 2453
2453 2403 2452 2454
2454 2404 2453 2455
2455 2405 2454 2456
2456 2406 2455 2457
2457 2407 2456 2458
2458 2408 2457 2459
2459 2409 2458 2460
2460 2410 2459 2461
2461 2411 2460
2462 2412 2463
2463 2413 2462 2464
2464 2414 2463 2465
2465 2415 2464 2466
2466 2416 2465 2467
2467 2417 2466 2468
2468 2418 2467 2469
2469 2419 2468 2470
2470 2420 2469 2471
2471 2421 2470 2472
2472 2471 2473
2473 2423 2472 2474
2474 2424 2473 2475
2475 2425 2474 2476
2476 2426 2475 2477
2477 2427 2476 2478
2478 2428 2477 2479
2479 2429 2478 2480
2480 2430 2479 2481
2481 2431 2480
2482 2432 2483
2483 2433 2482
2484 2434 2485
2485 2435 2484 2486
2486 2436 2485 2487
2487 2486 2488
2488 2438 2487 2489
2489 2439 2488 2490
2490 2440 2489 2491
2491 2441 2490 2492
2492 2442 2491 2493
2493 2443 2492 2494
2494 2444 2493 2495
2495 2445 2494 2496
2496 2446 2495 2497
2497 2447 2496 2498
2498 2448 2497 2499
2499 2449 2498
