30
0 (0, 0)
1 (0, 1)
2 (0, 2)
3 (0, 3)
4 (0, 4)
5 (0, 5)
6 (0, 6)
7 (0, 7)
8 (0, 8)
9 (0, 9)
10 (0, 10)
11 (0, 11)
12 (0, 12)
13 (0, 13)
14 (0, 14)
15 (0, 15)
16 (0, 16)
17 (0, 17)
18 (0, 18)
19 (0, 19)
20 (0, 20)
21 (0, 21)
22 (0, 22)
23 (0, 23)
24 (0, 24)
25 (0, 25)
26 (0, 26)
27 (0, 27)
28 (0, 28)
29 (0, 29)
30 (1, 0)
31 (1, 1)
32 (1, 2)
33 (1, 3)
34 (1, 4)
35 (1, 5)
36 (1, 6)
37 (1, 7)
38 (1, 8)
39 (1, 9)
40 (1, 10)
41 (1, 11)
42 (1, 12)
43 (1, 13)
44 (1, 14)
45 (1, 15)
46 (1, 16)
47 (1, 17)
48 (1, 18)
49 (1, 19)
50 (1, 20)
51 (1, 21)
52 (1, 22)
53 (1, 23)
54 (1, 24)
55 (1, 25)
56 (1, 26)
57 (1, 27)
58 (1, 28)
59 (1, 29)
60 (2, 0)
61 (2, 1)
62 (2, 2)
63 (2, 3)
64 (2, 4)
65 (2, 5)
66 (2, 6)
67 (2, 7)
68 (2, 8)
69 (2, 9)
70 (2, 10)
71 (2, 11)
72 (2, 12)
73 (2, 13)
74 (2, 14)
75 (2, 15)
76 (2, 16)
77 (2, 17)
78 (2, 18)
79 (2, 19)
80 (2, 20)
81 (2, 21)
82 (2, 22)
83 (2, 23)
84 (2, 24)
85 (2, 25)
86 (2, 26)
87 (2, 27)
88 (2, 28)
89 (2, 29)
90 (3, 0)
91 (3, 1)
92 (3, 2)
93 (3, 3)
94 (3, 4)
95 (3, 5)
96 (3, 6)
97 (3, 7)
98 (3, 8)
99 (3, 9)
100 (3, 10)
101 (3, 11)
102 (3, 12)
103 (3, 13)
104 (3, 14)
105 (3, 15)
106 (3, 16)
107 (3, 17)
108 (3, 18)
109 (3, 19)
110 (3, 20)
111 (3, 21)
112 (3, 22)
113 (3, 23)
114 (3, 24)
115 (3, 25)
116 (3, 26)
117 (3, 27)
118 (3, 28)
119 (3, 29)
120 (4, 0)
121 (4, 1)
122 (4, 2)
123 (4, 3)
124 (4, 4)
125 (4, 5)
126 (4, 6)
127 (4, 7)
128 (4, 8)
129 (4, 9)
130 (4, 10)
131 (4, 11)
132 (4, 12)
133 (4, 13)
134 (4, 14)
135 (4, 15)
136 (4, 16)
137 (4, 17)
138 (4, 18)
139 (4, 19)
140 (4, 20)
141 (4, 21)
142 (4, 22)
143 (4, 23)
144 (4, 24)
145 (4, 25)
146 (4, 26)
147 (4, 27)
148 (4, 28)
149 (4, 29)
150 (5, 0)
151 (5, 1)
152 (5, 2)
153 (5, 3)
154 (5, 4)
155 (5, 5)
156 (5, 6)
157 (5, 7)
158 (5, 8)
159 (5, 9)
160 (5, 10)
161 (5, 11)
162 (5, 12)
163 (5, 13)
164 (5, 14)
165 (5, 15)
166 (5, 16)
167 (5, 17)
168 (5, 18)
169 (5, 19)
170 (5, 20)
171 (5, 21)
172 (5, 22)
173 (5, 23)
174 (5, 24)
175 (5, 25)
176 (5, 26)
177 (5, 27)
178 (5, 28)
179 (5, 29)
180 (6, 0)
181 (6, 1)
182 (6, 2)
183 (6, 3)
184 (6, 4)
185 (6, 5)
186 (6, 6)
187 (6, 7)
188 (6, 8)
189 (6, 9)
190 (6, 10)
191 (6, 11)
192 (6, 12)
193 (6, 13)
194 (6, 14)
195 (6, 15)
196 (6, 16)
197 (6, 17)
198 (6, 18)
199 (6, 19)
200 (6, 20)
201 (6, 21)
202 (6, 22)
203 (6, 23)
204 (6, 24)
205 (6, 25)
206 (6, 26)
207 (6, 27)
208 (6, 28)
209 (6, 29)
210 (7, 0)
211 (7, 1)
212 (7, 2)
213 (7, 3)
214 (7, 4)
215 (7, 5)
216 (7, 6)
217 (7, 7)
218 (7, 8)
219 (7, 9)
220 (7, 10)
221 (7, 11)
222 (7, 12)
223 (7, 13)
224 (7, 14)
225 (7, 15)
226 (7, 16)
227 (7, 17)
228 (7, 18)
229 (7, 19)
230 (7, 20)
231 (7, 21)
232 (7, 22)
233 (7, 23)
234 (7, 24)
235 (7, 25)
236 (7, 26)
237 (7, 27)
238 (7, 28)
239 (7, 29)
240 (8, 0)
241 (8, 1)
242 (8, 2)
243 (8, 3)
244 (8, 4)
245 (8, 5)
246 (8, 6)
247 (8, 7)
248 (8, 8)
249 (8, 9)
250 (8, 10)
251 (8, 11)
252 (8, 12)
253 (8, 13)
254 (8, 14)
255 (8, 15)
256 (8, 16)
257 (8, 17)
258 (8, 18)
259 (8, 19)
260 (8, 20)
261 (8, 21)
262 (8, 22)
263 (8, 23)
264 (8, 24)
265 (8, 25)
266 (8, 26)
267 (8, 27)
268 (8, 28)
269 (8, 29)
270 (9, 0)
271 (9, 1)
272 (9, 2)
273 (9, 3)
274 (9, 4)
275 (9, 5)
276 (9, 6)
277 (9, 7)
278 (9, 8)
279 (9, 9)
280 (9, 10)
281 (9, 11)
282 (9, 12)
283 (9, 13)
284 (9, 14)
285 (9, 15)
286 (9, 16)
287 (9, 17)
288 (9, 18)
289 (9, 19)
290 (9, 20)
291 (9, 21)
292 (9, 22)
293 (9, 23)
294 (9, 24)
295 (9, 25)
296 (9, 26)
297 (9, 27)
298 (9, 28)
299 (9, 29)
300 (10, 0)
301 (10, 1)
302 (10, 2)
303 (10, 3)
304 (10, 4)
305 (10, 5)
306 (10, 6)
307 (10, 7)
308 (10, 8)
309 (10, 9)
310 (10, 10)
311 (10, 11)
312 (10, 12)
313 (10, 13)
314 (10, 14)
315 (10, 15)
316 (10, 16)
317 (10, 17)
318 (10, 18)
319 (10, 19)
320 (10, 20)
321 (10, 21)
322 (10, 22)
323 (10, 23)
324 (10, 24)
325 (10, 25)
326 (10, 26)
327 (10, 27)
328 (10, 28)
329 (10, 29)
330 (11, 0)
331 (11, 1)
332 (11, 2)
333 (11, 3)
334 (11, 4)
335 (11, 5)
336 (11, 6)
337 (11, 7)
338 (11, 8)
339 (11, 9)
340 (11, 10)
341 (11, 11)
342 (11, 12)
343 (11, 13)
344 (11, 14)
345 (11, 15)
346 (11, 16)
347 (11, 17)
348 (11, 18)
349 (11, 19)
350 (11, 20)
351 (11, 21)
352 (11, 22)
353 (11, 23)
354 (11, 24)
355 (11, 25)
356 (11, 26)
357 (11, 27)
358 (11, 28)
359 (11, 29)
360 (12, 0)
361 (12, 1)
362 (12, 2)
363 (12, 3)
364 (12, 4)
365 (12, 5)
366 (12, 6)
367 (12, 7)
368 (12, 8)
369 (12, 9)
370 (12, 10)
371 (12, 11)
372 (12, 12)
373 (12, 13)
374 (12, 14)
375 (12, 15)
376 (12, 16)
377 (12, 17)
378 (12, 18)
379 (12, 19)
380 (12, 20)
381 (12, 21)
382 (12, 22)
383 (12, 23)
384 (12, 24)
385 (12, 25)
386 (12, 26)
387 (12, 27)
388 (12, 28)
389 (12, 29)
390 (13, 0)
391 (13, 1)
392 (13, 2)
393 (13, 3)
394 (13, 4)
395 (13, 5)
396 (13, 6)
397 (13, 7)
398 (13, 8)
399 (13, 9)
400 (13, 10)
401 (13, 11)
402 (13, 12)
403 (13, 13)
404 (13, 14)
405 (13, 15)
406 (13, 16)
407 (13, 17)
408 (13, 18)
409 (13, 19)
410 (13, 20)
411 (13, 21)
412 (13, 22)
413 (13, 23)
414 (13, 24)
415 (13, 25)
416 (13, 26)
417 (13, 27)
418 (13, 28)
419 (13, 29)
420 (14, 0)
421 (14, 1)
422 (14, 2)
423 (14, 3)
424 (14, 4)
425 (14, 5)
426 (14, 6)
427 (14, 7)
428 (14, 8)
429 (14, 9)
430 (14, 10)
431 (14, 11)
432 (14, 12)
433 (14, 13)
434 (14, 14)
435 (14, 15)
436 (14, 16)
437 (14, 17)
438 (14, 18)
439 (14, 19)
440 (14, 20)
441 (14, 21)
442 (14, 22)
443 (14, 23)
444 (14, 24)
445 (14, 25)
446 (14, 26)
447 (14, 27)
448 (14, 28)
449 (14, 29)
450 (15, 0)
451 (15, 1)
452 (15, 2)
453 (15, 3)
454 (15, 4)
455 (15, 5)
456 (15, 6)
457 (15, 7)
458 (15, 8)
459 (15, 9)
460 (15, 10)
461 (15, 11)
462 (15, 12)
463 (15, 13)
464 (15, 14)
465 (15, 15)
466 (15, 16)
467 (15, 17)
468 (15, 18)
469 (15, 19)
470 (15, 20)
471 (15, 21)
472 (15, 22)
473 (15, 23)
474 (15, 24)
475 (15, 25)
476 (15, 26)
477 (15, 27)
478 (15, 28)
479 (15, 29)
480 (16, 0)
481 (16, 1)
482 (16, 2)
483 (16, 3)
484 (16, 4)
485 (16, 5)
486 (16, 6)
487 (16, 7)
488 (16, 8)
489 (16, 9)
490 (16, 10)
491 (16, 11)
492 (16, 12)
493 (16, 13)
494 (16, 14)
495 (16, 15)
496 (16, 16)
497 (16, 17)
498 (16, 18)
499 (16, 19)
500 (16, 20)
501 (16, 21)
502 (16, 22)
503 (16, 23)
504 (16, 24)
505 (16, 25)
506 (16, 26)
507 (16, 27)
508 (16, 28)
509 (16, 29)
510 (17, 0)
511 (17, 1)
512 (17, 2)
513 (17, 3)
514 (17, 4)
515 (17, 5)
516 (17, 6)
517 (17, 7)
518 (17, 8)
519 (17, 9)
520 (17, 10)
521 (17, 11)
522 (17, 12)
523 (17, 13)
524 (17, 14)
525 (17, 15)
526 (17, 16)
527 (17, 17)
528 (17, 18)
529 (17, 19)
530 (17, 20)
531 (17, 21)
532 (17, 22)
533 (17, 23)
534 (17, 24)
535 (17, 25)
536 (17, 26)
537 (17, 27)
538 (17, 28)
539 (17, 29)
540 (18, 0)
541 (18, 1)
542 (18, 2)
543 (18, 3)
544 (18, 4)
545 (18, 5)
546 (18, 6)
547 (18, 7)
548 (18, 8)
549 (18, 9)
550 (18, 10)
551 (18, 11)
552 (18, 12)
553 (18, 13)
554 (18, 14)
555 (18, 15)
556 (18, 16)
557 (18, 17)
558 (18, 18)
559 (18, 19)
560 (18, 20)
561 (18, 21)
562 (18, 22)
563 (18, 23)
564 (18, 24)
565 (18, 25)
566 (18, 26)
567 (18, 27)
568 (18, 28)
569 (18, 29)
570 (19, 0)
571 (19, 1)
572 (19, 2)
573 (19, 3)
574 (19, 4)
575 (19, 5)
576 (19, 6)
577 (19, 7)
578 (19, 8)
579 (19, 9)
580 (19, 10)
581 (19, 11)
582 (19, 12)
583 (19, 13)
584 (19, 14)
585 (19, 15)
586 (19, 16)
587 (19, 17)
588 (19, 18)
589 (19, 19)
590 (19, 20)
591 (19, 21)
592 (19, 22)
593 (19, 23)
594 (19, 24)
595 (19, 25)
596 (19, 26)
597 (19, 27)
598 (19, 28)
599 (19, 29)
600 (20, 0)
601 (20, 1)
602 (20, 2)
603 (20, 3)
604 (20, 4)
605 (20, 5)
606 (20, 6)
607 (20, 7)
608 (20, 8)
609 (20, 9)
610 (20, 10)
611 (20, 11)
612 (20, 12)
613 (20, 13)
614 (20, 14)
615 (20, 15)
616 (20, 16)
617 (20, 17)
618 (20, 18)
619 (20, 19)
620 (20, 20)
621 (20, 21)
622 (20, 22)
623 (20, 23)
624 (20, 24)
625 (20, 25)
626 (20, 26)
627 (20, 27)
628 (20, 28)
629 (20, 29)
630 (21, 0)
631 (21, 1)
632 (21, 2)
633 (21, 3)
634 (21, 4)
635 (21, 5)
636 (21, 6)
637 (21, 7)
638 (21, 8)
639 (21, 9)
640 (21, 10)
641 (21, 11)
642 (21, 12)
643 (21, 13)
644 (21, 14)
645 (21, 15)
646 (21, 16)
647 (21, 17)
648 (21, 18)
649 (21, 19)
650 (21, 20)
651 (21, 21)
652 (21, 22)
653 (21, 23)
654 (21, 24)
655 (21, 25)
656 (21, 26)
657 (21, 27)
658 (21, 28)
659 (21, 29)
660 (22, 0)
661 (22, 1)
662 (22, 2)
663 (22, 3)
664 (22, 4)
665 (22, 5)
666 (22, 6)
667 (22, 7)
668 (22, 8)
669 (22, 9)
670 (22, 10)
671 (22, 11)
672 (22, 12)
673 (22, 13)
674 (22, 14)
675 (22, 15)
676 (22, 16)
677 (22, 17)
678 (22, 18)
679 (22, 19)
680 (22, 20)
681 (22, 21)
682 (22, 22)
683 (22, 23)
684 (22, 24)
685 (22, 25)
686 (22, 26)
687 (22, 27)
688 (22, 28)
689 (22, 29)
690 (23, 0)
691 (23, 1)
692 (23, 2)
693 (23, 3)
694 (23, 4)
695 (23, 5)
696 (23, 6)
697 (23, 7)
698 (23, 8)
699 (23, 9)
700 (23, 10)
701 (23, 11)
702 (23, 12)
703 (23, 13)
704 (23, 14)
705 (23, 15)
706 (23, 16)
707 (23, 17)
708 (23, 18)
709 (23, 19)
710 (23, 20)
711 (23, 21)
712 (23, 22)
713 (23, 23)
714 (23, 24)
715 (23, 25)
716 (23, 26)
717 (23, 27)
718 (23, 28)
719 (23, 29)
720 (24, 0)
721 (24, 1)
722 (24, 2)
723 (24, 3)
724 (24, 4)
725 (24, 5)
726 (24, 6)
727 (24, 7)
728 (24, 8)
729 (24, 9)
730 (24, 10)
731 (24, 11)
732 (24, 12)
733 (24, 13)
734 (24, 14)
735 (24, 15)
736 (24, 16)
737 (24, 17)
738 (24, 18)
739 (24, 19)
740 (24, 20)
741 (24, 21)
742 (24, 22)
743 (24, 23)
744 (24, 24)
745 (24, 25)
746 (24, 26)
747 (24, 27)
748 (24, 28)
749 (24, 29)
750 (25, 0)
751 (25, 1)
752 (25, 2)
753 (25, 3)
754 (25, 4)
755 (25, 5)
756 (25, 6)
757 (25, 7)
758 (25, 8)
759 (25, 9)
760 (25, 10)
761 (25, 11)
762 (25, 12)
763 (25, 13)
764 (25, 14)
765 (25, 15)
766 (25, 16)
767 (25, 17)
768 (25, 18)
769 (25, 19)
770 (25, 20)
771 (25, 21)
772 (25, 22)
773 (25, 23)
774 (25, 24)
775 (25, 25)
776 (25, 26)
777 (25, 27)
778 (25, 28)
779 (25, 29)
780 (26, 0)
781 (26, 1)
782 (26, 2)
783 (26, 3)
784 (26, 4)
785 (26, 5)
786 (26, 6)
787 (26, 7)
788 (26, 8)
789 (26, 9)
790 (26, 10)
791 (26, 11)
792 (26, 12)
793 (26, 13)
794 (26, 14)
795 (26, 15)
796 (26, 16)
797 (26, 17)
798 (26, 18)
799 (26, 19)
800 (26, 20)
801 (26, 21)
802 (26, 22)
803 (26, 23)
804 (26, 24)
805 (26, 25)
806 (26, 26)
807 (26, 27)
808 (26, 28)
809 (26, 29)
810 (27, 0)
811 (27, 1)
812 (27, 2)
813 (27, 3)
814 (27, 4)
815 (27, 5)
816 (27, 6)
817 (27, 7)
818 (27, 8)
819 (27, 9)
820 (27, 10)
821 (27, 11)
822 (27, 12)
823 (27, 13)
824 (27, 14)
825 (27, 15)
826 (27, 16)
827 (27, 17)
828 (27, 18)
829 (27, 19)
830 (27, 20)
831 (27, 21)
832 (27, 22)
833 (27, 23)
834 (27, 24)
835 (27, 25)
836 (27, 26)
837 (27, 27)
838 (27, 28)
839 (27, 29)
840 (28, 0)
841 (28, 1)
842 (28, 2)
843 (28, 3)
844 (28, 4)
845 (28, 5)
846 (28, 6)
847 (28, 7)
848 (28, 8)
849 (28, 9)
850 (28, 10)
851 (28, 11)
852 (28, 12)
853 (28, 13)
854 (28, 14)
855 (28, 15)
856 (28, 16)
857 (28, 17)
858 (28, 18)
859 (28, 19)
860 (28, 20)
861 (28, 21)
862 (28, 22)
863 (28, 23)
864 (28, 24)
865 (28, 25)
866 (28, 26)
867 (28, 27)
868 (28, 28)
869 (28, 29)
870 (29, 0)
871 (29, 1)
872 (29, 2)
873 (29, 3)
874 (29, 4)
875 (29, 5)
876 (29, 6)
877 (29, 7)
878 (29, 8)
879 (29, 9)
880 (29, 10)
881 (29, 11)
882 (29, 12)
883 (29, 13)
884 (29, 14)
885 (29, 15)
886 (29, 16)
887 (29, 17)
888 (29, 18)
889 (29, 19)
890 (29, 20)
891 (29, 21)
892 (29, 22)
893 (29, 23)
894 (29, 24)
895 (29, 25)
896 (29, 26)
897 (29, 27)
898 (29, 28)
899 (29, 29)
0 1 30
1 0 2 31
2 1 3 32
3 2 4 33
4 3 5 34
5 4 6
6 5 7 36
7 6 8
8 7
9 10
10 9 11 40
11 10 12 41
12 11 13 42
13 12 14 43
14 13 15 44
15 14 16 45
16 15 17
17 16
18 19 48
19 18 20 49
20 19 21 50
21 20 22 51
22 21 52
23 24
24 23 25
25 24 26 55
26 25 56
27 57
28 29 58
29 28 59
30 0
31 1 32 61
32 2 31 33 62
33 3 32 34 63
34 4 33 35 64
35 34 36 65
36 6 35 37
37 36 38 67
38 37 39 68
39 38 40
40 10 39 41 70
41 11 40 42
42 12 41 43 72
43 13 42 73
44 14 45 74
45 15 44 46
46 45 76
47 48 77
48 18 47 49 78
49 19 48 50
50 20 49 80
51 21 52 81
52 22 51 82
53 83
54 55 84
55 25 54 56 85
56 26 55 57
57 27 56 87
58 28 88
59 29 89
60 61 90
61 31 60 62 91
62 32 61 63 92
63 33 62 64 93
64 34 63 65 94
65 35 64 66 95
66 65 67 96
67 37 66 97
68 38 69 98
69 68 70 99
70 40 69 100
71 72 101
72 42 71 102
73 43 74 103
74 44 73 75 104
75 74 76 105
76 46 75 77 106
77 47 76 107
78 48 79 108
79 78 80
80 50 79 81 110
81 51 80 82 111
82 52 81 112
83 53 84 113
84 54 83 85 114
85 55 84 86 115
86 85 87 116
87 57 86 88 117
88 58 87 89 118
89 59 88 119
90 60 91
91 61 90 92 121
92 62 91 93 122
93 63 92 123
94 64 95
95 65 94 96 125
96 66 95 97 126
97 67 96 98 127
98 68 97 99 128
99 69 98 100 129
100 70 99 101 130
101 71 100 131
102 72 103
103 73 102 133
104 74 105 134
105 75 104 106 135
106 76 105 107 136
107 77 106 108 137
108 78 107 109 138
109 108 110 139
110 80 109 140
111 81 112
112 82 111
113 83 114 143
114 84 113 115
115 85 114 116
116 86 115 117
117 87 116 118 147
118 88 117 148
119 89 149
120 150
121 91 122 151
122 92 121 123 152
123 93 122 124 153
124 123 154
125 95 126 155
126 96 125 127 156
127 97 126 128 157
128 98 127 129 158
129 99 128 130
130 100 129 131
131 101 130 132
132 131 133 162
133 103 132 134 163
134 104 133 135 164
135 105 134 136 165
136 106 135 137 166
137 107 136 138 167
138 108 137 139 168
139 109 138 169
140 110 141 170
141 140 142 171
142 141 143 172
143 113 142
144 145 174
145 144 146 175
146 145 176
147 117 148 177
148 118 147 149 178
149 119 148 179
150 120 151 180
151 121 150 152 181
152 122 151
153 123
154 124 155 184
155 125 154 156 185
156 126 155 157 186
157 127 156 158 187
158 128 157 159 188
159 158 160
160 159 161
161 160 191
162 132 163 192
163 133 162
164 134 165 194
165 135 164 166
166 136 165 167
167 137 166 168 197
168 138 167 169 198
169 139 168 170 199
170 140 169 171 200
171 141 170 172
172 142 171 173 202
173 172 174 203
174 144 173 175 204
175 145 174 176 205
176 146 175
177 147 178 207
178 148 177 179
179 149 178 209
180 150 181 210
181 151 180 182 211
182 181 212
183 213
184 154 185 214
185 155 184 186 215
186 156 185 187 216
187 157 186 188 217
188 158 187 189 218
189 188 190
190 189 191 220
191 161 190 192 221
192 162 191 193 222
193 192 194 223
194 164 193
195 196
196 195 197 226
197 167 196 198 227
198 168 197 199 228
199 169 198 200 229
200 170 199 201 230
201 200 202 231
202 172 201 203
203 173 202 204 233
204 174 203 205 234
205 175 204 206 235
206 205 236
207 177 237
208 209
209 179 208
210 180 240
211 181 212 241
212 182 211 213 242
213 183 212 243
214 184 215 244
215 185 214 245
216 186 217 246
217 187 216 218 247
218 188 217 248
219 220 249
220 190 219 221 250
221 191 220
222 192 223 252
223 193 222 253
224 225 254
225 224 226
226 196 225 227 256
227 197 226 228 257
228 198 227 229 258
229 199 228 230 259
230 200 229 231 260
231 201 230 232 261
232 231 233
233 203 232 234 263
234 204 233 235 264
235 205 234 236
236 206 235 237 266
237 207 236 238
238 237 239
239 238 269
240 210 241 270
241 211 240 242 271
242 212 241 243
243 213 242 273
244 214 274
245 215 246 275
246 216 245 276
247 217 248
248 218 247 249 278
249 219 248 279
250 220 251 280
251 250 281
252 222 253 282
253 223 252
254 224 255 284
255 254 256 285
256 226 255 257 286
257 227 256 287
258 228 259
259 229 258 260 289
260 230 259 261 290
261 231 260 262 291
262 261 263 292
263 233 262
264 234 265 294
265 264 266 295
266 236 265 267 296
267 266
268 269
269 239 268 299
270 240 271 300
271 241 270 272 301
272 271 302
273 243 303
274 244 304
275 245 276 305
276 246 275 277 306
277 276 307
278 248 279 308
279 249 278 280 309
280 250 279 310
281 251 282
282 252 281 283 312
283 282 284
284 254 283 314
285 255 286 315
286 256 285 316
287 257 288 317
288 287 318
289 259 290 319
290 260 289 291
291 261 290 292
292 262 291 293 322
293 292 294 323
294 264 293 324
295 265 296 325
296 266 295 297 326
297 296 327
298 299 328
299 269 298 329
300 270 301 330
301 271 300 302 331
302 272 301 303 332
303 273 302 333
304 274 305
305 275 304 306
306 276 305 307
307 277 306 308 337
308 278 307 309 338
309 279 308 310
310 280 309 311 340
311 310
312 282 313 342
313 312 314 343
314 284 313 315
315 285 314 316 345
316 286 315 317 346
317 287 316 318 347
318 288 317 319
319 289 318 320 349
320 319 321 350
321 320 322 351
322 292 321 352
323 293 324 353
324 294 323 325 354
325 295 324 326 355
326 296 325 327 356
327 297 326 328 357
328 298 327 329 358
329 299 328 359
330 300 331
331 301 330 332 361
332 302 331 333
333 303 332 334 363
334 333 335
335 334 365
336 337 366
337 307 336
338 308 339 368
339 338 340 369
340 310 339 370
341 342 371
342 312 341 343
343 313 342 344 373
344 343 345 374
345 315 344 346 375
346 316 345 376
347 317 377
348 349 378
349 319 348
350 320 351 380
351 321 350 352 381
352 322 351 353 382
353 323 352 354 383
354 324 353 355
355 325 354 356 385
356 326 355 357 386
357 327 356 358 387
358 328 357 359 388
359 329 358 389
360 361 390
361 331 360 362
362 361 392
363 333 364 393
364 363 365 394
365 335 364 395
366 336 367 396
367 366 368 397
368 338 367 369 398
369 339 368 399
370 340 371 400
371 341 370 372
372 371 373 402
373 343 372 374
374 344 373 375 404
375 345 374 376
376 346 375 377 406
377 347 376 378 407
378 348 377
379 409
380 350 410
381 351 382 411
382 352 381 383
383 353 382 384 413
384 383
385 355 386 415
386 356 385 387 416
387 357 386 388
388 358 387 389 418
389 359 388 419
390 360 391 420
391 390 392 421
392 362 391 393 422
393 363 392
394 364 395 424
395 365 394
396 366 397 426
397 367 396 398 427
398 368 397 399 428
399 369 398 400 429
400 370 399 401 430
401 400 402 431
402 372 401 403 432
403 402 404 433
404 374 403 405 434
405 404 406 435
406 376 405 407 436
407 377 406 408 437
408 407 438
409 379 410 439
410 380 409 411 440
411 381 410 412
412 411 413 442
413 383 412 443
414 415 444
415 385 414 416 445
416 386 415
417 447
418 388 419 448
419 389 418 449
420 390 421 450
421 391 420 451
422 392 452
423 424 453
424 394 423 454
425 455
426 396 427
427 397 426 457
428 398 429 458
429 399 428 430 459
430 400 429 431
431 401 430 432 461
432 402 431 433
433 403 432 434
434 404 433 435
435 405 434 436 465
436 406 435 437 466
437 407 436 438 467
438 408 437 439 468
439 409 438 469
440 410 441 470
441 440 442 471
442 412 441 443
443 413 442 444 473
444 414 443 445 474
445 415 444 446 475
446 445 447 476
447 417 446 448 477
448 418 447 449
449 419 448 479
450 420 451 480
451 421 450 452 481
452 422 451 453
453 423 452 454 483
454 424 453 455 484
455 425 454 456 485
456 455 457 486
457 427 456 458 487
458 428 457 459 488
459 429 458 460 489
460 459 461 490
461 431 460 462 491
462 461 463
463 462 464 493
464 463 465 494
465 435 464 466
466 436 465 467
467 437 466 468 497
468 438 467 469 498
469 439 468 470
470 440 469 471 500
471 441 470 472 501
472 471
473 443 503
474 444 504
475 445 476 505
476 446 475 477 506
477 447 476 478 507
478 477
479 449 509
480 450 510
481 451 482 511
482 481 483
483 453 482 484 513
484 454 483 485
485 455 484 486 515
486 456 485 487 516
487 457 486 488 517
488 458 487 489 518
489 459 488 490 519
490 460 489 520
491 461 492 521
492 491 493
493 463 492 494 523
494 464 493 495 524
495 494 496 525
496 495 526
497 467 498 527
498 468 497 499 528
499 498 500 529
500 470 499 501
501 471 500 502 531
502 501 503 532
503 473 502 504 533
504 474 503 505 534
505 475 504 506 535
506 476 505 536
507 477 508 537
508 507 509 538
509 479 508
510 480 511 540
511 481 510 512 541
512 511 513 542
513 483 512 514 543
514 513 544
515 485 545
516 486 546
517 487 518 547
518 488 517 519 548
519 489 518 549
520 490 550
521 491 522 551
522 521 523 552
523 493 522 524 553
524 494 523 554
525 495 526 555
526 496 525 527 556
527 497 526 528 557
528 498 527 529 558
529 499 528 530
530 529 531 560
531 501 530 532 561
532 502 531 533 562
533 503 532 534 563
534 504 533 535
535 505 534
536 506 537 566
537 507 536 567
538 508 539 568
539 538 569
540 510 541 570
541 511 540 542 571
542 512 541 543 572
543 513 542 544 573
544 514 543 545
545 515 544 546 575
546 516 545 547 576
547 517 546
548 518 578
549 519 550 579
550 520 549 551
551 521 550 552 581
552 522 551 553
553 523 552 554 583
554 524 553 555 584
555 525 554 585
556 526 557 586
557 527 556 558 587
558 528 557 559
559 558 560 589
560 530 559 561 590
561 531 560 562 591
562 532 561 592
563 533 564 593
564 563 565 594
565 564 595
566 536 567 596
567 537 566 568 597
568 538 567 569 598
569 539 568
570 540 600
571 541 572 601
572 542 571 573 602
573 543 572 574 603
574 573 575 604
575 545 574 576 605
576 546 575 577 606
577 576 578 607
578 548 577 579 608
579 549 578 580 609
580 579 581
581 551 580 582
582 581 583
583 553 582 584 613
584 554 583 614
585 555 586 615
586 556 585 616
587 557 588 617
588 587 589 618
589 559 588 619
590 560 591 620
591 561 590 592 621
592 562 591 593 622
593 563 592 594 623
594 564 593 595 624
595 565 594 625
596 566 626
597 567 598 627
598 568 597 599 628
599 598 629
600 570 601 630
601 571 600 602 631
602 572 601 632
603 573 604 633
604 574 603 605 634
605 575 604 606 635
606 576 605 607 636
607 577 606 608 637
608 578 607 609
609 579 608 610 639
610 609 611 640
611 610 641
612 613 642
613 583 612 643
614 584 615 644
615 585 614 645
616 586 617 646
617 587 616 618 647
618 588 617 619
619 589 618 649
620 590 621 650
621 591 620 622 651
622 592 621 623
623 593 622 653
624 594 654
625 595 655
626 596 627 656
627 597 626 628 657
628 598 627 629 658
629 599 628
630 600 631
631 601 630 661
632 602 633
633 603 632 663
634 604 635 664
635 605 634 636 665
636 606 635 637 666
637 607 636 638 667
638 637 639
639 609 638 640
640 610 639 670
641 611 642 671
642 612 641 643 672
643 613 642 673
644 614 645
645 615 644 646
646 616 645 647
647 617 646 677
648 678
649 619 650
650 620 649 680
651 621 652
652 651 653
653 623 652 654
654 624 653 655
655 625 654 656 685
656 626 655 686
657 627 658 687
658 628 657 659 688
659 658 689
660 661 690
661 631 660 662 691
662 661 663 692
663 633 662 664 693
664 634 663 665 694
665 635 664 695
666 636 667 696
667 637 666 668 697
668 667 669 698
669 668 670 699
670 640 669 671 700
671 641 670 672 701
672 642 671 673 702
673 643 672 674 703
674 673 675 704
675 674 705
676 677 706
677 647 676 678 707
678 648 677 679 708
679 678 680
680 650 679 710
681 682 711
682 681
683 684
684 683 685 714
685 655 684 686
686 656 685 716
687 657 688 717
688 658 687 689 718
689 659 688 719
690 660 691 720
691 661 690 692
692 662 691 693 722
693 663 692 694 723
694 664 693 695 724
695 665 694 696
696 666 695 697 726
697 667 696 698 727
698 668 697 699 728
699 669 698 700 729
700 670 699 730
701 671 702
702 672 701 703 732
703 673 702 704 733
704 674 703 705 734
705 675 704 735
706 676 707 736
707 677 706 708 737
708 678 707 738
709 710
710 680 709 711 740
711 681 710 712 741
712 711 713 742
713 712 714
714 684 713
715 716 745
716 686 715 717 746
717 687 716 718 747
718 688 717 719 748
719 689 718 749
720 690 721
721 720 722 751
722 692 721 723 752
723 693 722 724
724 694 723 725 754
725 724 726 755
726 696 725 727 756
727 697 726 728 757
728 698 727 729
729 699 728 730 759
730 700 729 731 760
731 730 732 761
732 702 731 733 762
733 703 732 734 763
734 704 733 735 764
735 705 734 765
736 706 766
737 707 738 767
738 708 737 739 768
739 738 740
740 710 739 770
741 711 771
742 712 772
743 744 773
744 743 774
745 715
746 716 747
747 717 746 777
748 718 749 778
749 719 748 779
750 751 780
751 721 750 752 781
752 722 751 753 782
753 752 754 783
754 724 753 755 784
755 725 754 756 785
756 726 755 757
757 727 756 758
758 757 759 788
759 729 758 760 789
760 730 759 761 790
761 731 760 762 791
762 732 761 763
763 733 762 764
764 734 763 765
765 735 764 766 795
766 736 765 767 796
767 737 766 768 797
768 738 767 769 798
769 768 770 799
770 740 769 771
771 741 770 801
772 742 802
773 743 774 803
774 744 773 775 804
775 774 776 805
776 775 777 806
777 747 776 778 807
778 748 777 779 808
779 749 778 809
780 750 781
781 751 780 782 811
782 752 781 783 812
783 753 782 784 813
784 754 783 785 814
785 755 784 786
786 785 816
787 788 817
788 758 787 789 818
789 759 788 790 819
790 760 789 791 820
791 761 790 792 821
792 791 793 822
793 792 794 823
794 793 795 824
795 765 794 796 825
796 766 795 797 826
797 767 796 798
798 768 797 828
799 769 800 829
800 799 801 830
801 771 800 802 831
802 772 801 803 832
803 773 802 804
804 774 803 805 834
805 775 804 806
806 776 805 807
807 777 806 808 837
808 778 807 809
809 779 808 839
810 811 840
811 781 810 812 841
812 782 811 813 842
813 783 812 814 843
814 784 813 815
815 814 816
816 786 815
817 787 818
818 788 817 819 848
819 789 818 820 849
820 790 819 821 850
821 791 820 822
822 792 821 823 852
823 793 822 824 853
824 794 823 825 854
825 795 824 826 855
826 796 825 827
827 826 828 857
828 798 827 829 858
829 799 828 830 859
830 800 829 831 860
831 801 830 832 861
832 802 831 833 862
833 832 834 863
834 804 833 835 864
835 834 836 865
836 835 866
837 807 838 867
838 837 839 868
839 809 838 869
840 810 841 870
841 811 840 842 871
842 812 841 843
843 813 842 844
844 843 845
845 844 846 875
846 845 876
847 848 877
848 818 847 878
849 819 850
850 820 849 851 880
851 850 852 881
852 822 851 853
853 823 852 854 883
854 824 853 855 884
855 825 854 856 885
856 855 857 886
857 827 856 858 887
858 828 857 859 888
859 829 858 860 889
860 830 859 861 890
861 831 860 891
862 832 863 892
863 833 862 864
864 834 863 865 894
865 835 864 866 895
866 836 865 896
867 837 868 897
868 838 867 869
869 839 868
870 840 871
871 841 870 872
872 871 873
873 872 874
874 873 875
875 845 874 876
876 846 875
877 847 878
878 848 877 879
879 878 880
880 850 879 881
881 851 880 882
882 881
883 853
884 854 885
885 855 884 886
886 856 885 887
887 857 886 888
888 858 887 889
889 859 888 890
890 860 889 891
891 861 890 892
892 862 891 893
893 892 894
894 864 893 895
895 865 894 896
896 866 895 897
897 867 896 898
898 897 899
899 898
