20
0 (0, 0)
1 (0, 1)
2 (0, 2)
3 (0, 3)
4 (0, 4)
5 (0, 5)
6 (0, 6)
7 (0, 7)
8 (0, 8)
9 (0, 9)
10 (0, 10)
11 (0, 11)
12 (0, 12)
13 (0, 13)
14 (0, 14)
15 (0, 15)
16 (0, 16)
17 (0, 17)
18 (0, 18)
19 (0, 19)
20 (1, 0)
21 (1, 1)
22 (1, 2)
23 (1, 3)
24 (1, 4)
25 (1, 5)
26 (1, 6)
27 (1, 7)
28 (1, 8)
29 (1, 9)
30 (1, 10)
31 (1, 11)
32 (1, 12)
33 (1, 13)
34 (1, 14)
35 (1, 15)
36 (1, 16)
37 (1, 17)
38 (1, 18)
39 (1, 19)
40 (2, 0)
41 (2, 1)
42 (2, 2)
43 (2, 3)
44 (2, 4)
45 (2, 5)
46 (2, 6)
47 (2, 7)
48 (2, 8)
49 (2, 9)
50 (2, 10)
51 (2, 11)
52 (2, 12)
53 (2, 13)
54 (2, 14)
55 (2, 15)
56 (2, 16)
57 (2, 17)
58 (2, 18)
59 (2, 19)
60 (3, 0)
61 (3, 1)
62 (3, 2)
63 (3, 3)
64 (3, 4)
65 (3, 5)
66 (3, 6)
67 (3, 7)
68 (3, 8)
69 (3, 9)
70 (3, 10)
71 (3, 11)
72 (3, 12)
73 (3, 13)
74 (3, 14)
75 (3, 15)
76 (3, 16)
77 (3, 17)
78 (3, 18)
79 (3, 19)
80 (4, 0)
81 (4, 1)
82 (4, 2)
83 (4, 3)
84 (4, 4)
85 (4, 5)
86 (4, 6)
87 (4, 7)
88 (4, 8)
89 (4, 9)
90 (4, 10)
91 (4, 11)
92 (4, 12)
93 (4, 13)
94 (4, 14)
95 (4, 15)
96 (4, 16)
97 (4, 17)
98 (4, 18)
99 (4, 19)
100 (5, 0)
101 (5, 1)
102 (5, 2)
103 (5, 3)
104 (5, 4)
105 (5, 5)
106 (5, 6)
107 (5, 7)
108 (5, 8)
109 (5, 9)
110 (5, 10)
111 (5, 11)
112 (5, 12)
113 (5, 13)
114 (5, 14)
115 (5, 15)
116 (5, 16)
117 (5, 17)
118 (5, 18)
119 (5, 19)
120 (6, 0)
121 (6, 1)
122 (6, 2)
123 (6, 3)
124 (6, 4)
125 (6, 5)
126 (6, 6)
127 (6, 7)
128 (6, 8)
129 (6, 9)
130 (6, 10)
131 (6, 11)
132 (6, 12)
133 (6, 13)
134 (6, 14)
135 (6, 15)
136 (6, 16)
137 (6, 17)
138 (6, 18)
139 (6, 19)
140 (7, 0)
141 (7, 1)
142 (7, 2)
143 (7, 3)
144 (7, 4)
145 (7, 5)
146 (7, 6)
147 (7, 7)
148 (7, 8)
149 (7, 9)
150 (7, 10)
151 (7, 11)
152 (7, 12)
153 (7, 13)
154 (7, 14)
155 (7, 15)
156 (7, 16)
157 (7, 17)
158 (7, 18)
159 (7, 19)
160 (8, 0)
161 (8, 1)
162 (8, 2)
163 (8, 3)
164 (8, 4)
165 (8, 5)
166 (8, 6)
167 (8, 7)
168 (8, 8)
169 (8, 9)
170 (8, 10)
171 (8, 11)
172 (8, 12)
173 (8, 13)
174 (8, 14)
175 (8, 15)
176 (8, 16)
177 (8, 17)
178 (8, 18)
179 (8, 19)
180 (9, 0)
181 (9, 1)
182 (9, 2)
183 (9, 3)
184 (9, 4)
185 (9, 5)
186 (9, 6)
187 (9, 7)
188 (9, 8)
189 (9, 9)
190 (9, 10)
191 (9, 11)
192 (9, 12)
193 (9, 13)
194 (9, 14)
195 (9, 15)
196 (9, 16)
197 (9, 17)
198 (9, 18)
199 (9, 19)
200 (10, 0)
201 (10, 1)
202 (10, 2)
203 (10, 3)
204 (10, 4)
205 (10, 5)
206 (10, 6)
207 (10, 7)
208 (10, 8)
209 (10, 9)
210 (10, 10)
211 (10, 11)
212 (10, 12)
213 (10, 13)
214 (10, 14)
215 (10, 15)
216 (10, 16)
217 (10, 17)
218 (10, 18)
219 (10, 19)
220 (11, 0)
221 (11, 1)
222 (11, 2)
223 (11, 3)
224 (11, 4)
225 (11, 5)
226 (11, 6)
227 (11, 7)
228 (11, 8)
229 (11, 9)
230 (11, 10)
231 (11, 11)
232 (11, 12)
233 (11, 13)
234 (11, 14)
235 (11, 15)
236 (11, 16)
237 (11, 17)
238 (11, 18)
239 (11, 19)
240 (12, 0)
241 (12, 1)
242 (12, 2)
243 (12, 3)
244 (12, 4)
245 (12, 5)
246 (12, 6)
247 (12, 7)
248 (12, 8)
249 (12, 9)
250 (12, 10)
251 (12, 11)
252 (12, 12)
253 (12, 13)
254 (12, 14)
255 (12, 15)
256 (12, 16)
257 (12, 17)
258 (12, 18)
259 (12, 19)
260 (13, 0)
261 (13, 1)
262 (13, 2)
263 (13, 3)
264 (13, 4)
265 (13, 5)
266 (13, 6)
267 (13, 7)
268 (13, 8)
269 (13, 9)
270 (13, 10)
271 (13, 11)
272 (13, 12)
273 (13, 13)
274 (13, 14)
275 (13, 15)
276 (13, 16)
277 (13, 17)
278 (13, 18)
279 (13, 19)
280 (14, 0)
281 (14, 1)
282 (14, 2)
283 (14, 3)
284 (14, 4)
285 (14, 5)
286 (14, 6)
287 (14, 7)
288 (14, 8)
289 (14, 9)
290 (14, 10)
291 (14, 11)
292 (14, 12)
293 (14, 13)
294 (14, 14)
295 (14, 15)
296 (14, 16)
297 (14, 17)
298 (14, 18)
299 (14, 19)
300 (15, 0)
301 (15, 1)
302 (15, 2)
303 (15, 3)
304 (15, 4)
305 (15, 5)
306 (15, 6)
307 (15, 7)
308 (15, 8)
309 (15, 9)
310 (15, 10)
311 (15, 11)
312 (15, 12)
313 (15, 13)
314 (15, 14)
315 (15, 15)
316 (15, 16)
317 (15, 17)
318 (15, 18)
319 (15, 19)
320 (16, 0)
321 (16, 1)
322 (16, 2)
323 (16, 3)
324 (16, 4)
325 (16, 5)
326 (16, 6)
327 (16, 7)
328 (16, 8)
329 (16, 9)
330 (16, 10)
331 (16, 11)
332 (16, 12)
333 (16, 13)
334 (16, 14)
335 (16, 15)
336 (16, 16)
337 (16, 17)
338 (16, 18)
339 (16, 19)
340 (17, 0)
341 (17, 1)
342 (17, 2)
343 (17, 3)
344 (17, 4)
345 (17, 5)
346 (17, 6)
347 (17, 7)
348 (17, 8)
349 (17, 9)
350 (17, 10)
351 (17, 11)
352 (17, 12)
353 (17, 13)
354 (17, 14)
355 (17, 15)
356 (17, 16)
357 (17, 17)
358 (17, 18)
359 (17, 19)
360 (18, 0)
361 (18, 1)
362 (18, 2)
363 (18, 3)
364 (18, 4)
365 (18, 5)
366 (18, 6)
367 (18, 7)
368 (18, 8)
369 (18, 9)
370 (18, 10)
371 (18, 11)
372 (18, 12)
373 (18, 13)
374 (18, 14)
375 (18, 15)
376 (18, 16)
377 (18, 17)
378 (18, 18)
379 (18, 19)
380 (19, 0)
381 (19, 1)
382 (19, 2)
383 (19, 3)
384 (19, 4)
385 (19, 5)
386 (19, 6)
387 (19, 7)
388 (19, 8)
389 (19, 9)
390 (19, 10)
391 (19, 11)
392 (19, 12)
393 (19, 13)
394 (19, 14)
395 (19, 15)
396 (19, 16)
397 (19, 17)
398 (19, 18)
399 (19, 19)
0 1 20
1 0 2 21
2 1 3 22
3 2 4 23
4 3 5 24
5 4 6
6 5 7 26
7 6
8 9 28
9 8 10 29
10 9 11 30
11 10 12 31
12 11 13
13 12 14 33
14 13 15 34
15 14 16 35
16 15 17 36
17 16 37
18 38
19 39
20 0 21
21 1 20 22 41
22 2 21 23
23 3 22 24 43
24 4 23 25 44
25 24 26 45
26 6 25 27 46
27 26 47
28 8 29 48
29 9 28 30
30 10 29 31 50
31 11 30 32
32 31 33
33 13 32 34 53
34 14 33 35 54
35 15 34 36
36 16 35 37
37 17 36 38
38 18 37 39 58
39 19 38
40 41
41 21 40 42 61
42 41 43 62
43 23 42
44 24 45 64
45 25 44 65
46 26 47 66
47 27 46 48 67
48 28 47 49 68
49 48 50 69
50 30 49 51 70
51 50 52 71
52 51 72
53 33 54 73
54 34 53 55
55 54 75
56 57
57 56 58 77
58 38 57 59 78
59 58 79
60 61 80
61 41 60 62 81
62 42 61 63 82
63 62 83
64 44 65 84
65 45 64 85
66 46
67 47 68
68 48 67 69 88
69 49 68 89
70 50 71 90
71 51 70 72 91
72 52 71 73 92
73 53 72 74 93
74 73 94
75 55 95
76 77
77 57 76 78
78 58 77 98
79 59 99
80 60 81
81 61 80 101
82 62 83 102
83 63 82 84 103
84 64 83 104
85 65 86 105
86 85 87 106
87 86 107
88 68 89 108
89 69 88 90 109
90 70 89 110
91 71
92 72 93
93 73 92 94 113
94 74 93 114
95 75 96 115
96 95 97 116
97 96 98 117
98 78 97 118
99 79 119
100 101 120
101 81 100 102 121
102 82 101 103
103 83 102 104 123
104 84 103 105 124
105 85 104 106 125
106 86 105 107 126
107 87 106 108 127
108 88 107 109 128
109 89 108 110 129
110 90 109 111 130
111 110 131
112 113
113 93 112 133
114 94 134
115 95 116 135
116 96 115 117 136
117 97 116 118 137
118 98 117 119 138
119 99 118 139
120 100 121 140
121 101 120 141
122 123
123 103 122 124 143
124 104 123 125 144
125 105 124 145
126 106 127 146
127 107 126 128 147
128 108 127 129 148
129 109 128 130 149
130 110 129 150
131 111 132 151
132 131
133 113 134 153
134 114 133 154
135 115 136 155
136 116 135 137
137 117 136 138
138 118 137 158
139 119
140 120 141 160
141 121 140 142 161
142 141 143 162
143 123 142 144
144 124 143 145
145 125 144
146 126 147 166
147 127 146 148 167
148 128 147 168
149 129 150 169
150 130 149 151 170
151 131 150 152 171
152 151 153 172
153 133 152 154 173
154 134 153 155 174
155 135 154 156 175
156 155 157 176
157 156 158
158 138 157 159 178
159 158 179
160 140
161 141 162 181
162 142 161 163
163 162 164 183
164 163 165
165 164 166 185
166 146 165 167
167 147 166 168 187
168 148 167 169 188
169 149 168 170 189
170 150 169 171 190
171 151 170 191
172 152 173 192
173 153 172 193
174 154 175 194
175 155 174 176 195
176 156 175 177 196
177 176 178 197
178 158 177 179 198
179 159 178 199
180 200
181 161 201
182 183
183 163 182 184 203
184 183
185 165
186 187
187 167 186 188 207
188 168 187 189 208
189 169 188 190 209
190 170 189 191 210
191 171 190 192 211
192 172 191 193 212
193 173 192 194 213
194 174 193 195
195 175 194 196 215
196 176 195 197 216
197 177 196 198 217
198 178 197 199 218
199 179 198 219
200 180 201 220
201 181 200 202
202 201 222
203 183 204
204 203 205 224
205 204 206 225
206 205 207 226
207 187 206 208 227
208 188 207 209
209 189 208 229
210 190 211 230
211 191 210 212 231
212 192 211 213 232
213 193 212
214 215 234
215 195 214 216
216 196 215 236
217 197 218 237
218 198 217 219 238
219 199 218 239
220 200 240
221 222 241
222 202 221 223 242
223 222 224 243
224 204 223 225 244
225 205 224 226
226 206 225 227
227 207 226 228
228 227 229 248
229 209 228 230 249
230 210 229 231 250
231 211 230 232 251
232 212 231 252
233 234 253
234 214 233 235 254
235 234 236 255
236 216 235 237 256
237 217 236 238 257
238 218 237 239 258
239 219 238 259
240 220 241
241 221 240 242 261
242 222 241 243
243 223 242 244
244 224 243 245 264
245 244 246
246 245 247 266
247 246 267
248 228 249 268
249 229 248 250 269
250 230 249 251 270
251 231 250 252 271
252 232 251 253 272
253 233 252 273
254 234 255 274
255 235 254 256 275
256 236 255 257
257 237 256 277
258 238 259 278
259 239 258 279
260 280
261 241 262 281
262 261 263 282
263 262 264
264 244 263 265 284
265 264 266 285
266 246 265 267 286
267 247 266 287
268 248 269
269 249 268 270 289
270 250 269 271 290
271 251 270 272 291
272 252 271 273
273 253 272 293
274 254 275 294
275 255 274 295
276 277 296
277 257 276 278 297
278 258 277 279 298
279 259 278 299
280 260 281 300
281 261 280 282 301
282 262 281 283 302
283 282 303
284 264 285 304
285 265 284 286 305
286 266 285 287 306
287 267 286 288 307
288 287 289 308
289 269 288 290 309
290 270 289 291 310
291 271 290 292 311
292 291 312
293 273 294 313
294 274 293 295 314
295 275 294 296 315
296 276 295 297 316
297 277 296 298 317
298 278 297 299 318
299 279 298 319
300 280 320
301 281 302
302 282 301 322
303 283
304 284
305 285 325
306 286 307
307 287 306 327
308 288 309 328
309 289 308 310 329
310 290 309 311
311 291 310 312 331
312 292 311 313
313 293 312 314 333
314 294 313
315 295 335
316 296 317 336
317 297 316 318 337
318 298 317 338
319 299 339
320 300 321 340
321 320 322
322 302 321 323 342
323 322 324 343
324 323 325 344
325 305 324 326 345
326 325 327 346
327 307 326 328 347
328 308 327 329
329 309 328 330 349
330 329 331
331 311 330 332
332 331 333 352
333 313 332 334
334 333 354
335 315 336 355
336 316 335 337 356
337 317 336 338 357
338 318 337 339
339 319 338 359
340 320 341 360
341 340 342 361
342 322 341 343
343 323 342 344 363
344 324 343 345 364
345 325 344 346 365
346 326 345 347 366
347 327 346 348 367
348 347 349 368
349 329 348 350 369
350 349 351 370
351 350 352 371
352 332 351 372
353 354
354 334 353 374
355 335 356
356 336 355 357 376
357 337 356
358 359 378
359 339 358 379
360 340 361 380
361 341 360 362 381
362 361 363
363 343 362 364 383
364 344 363 365 384
365 345 364 366 385
366 346 365 367 386
367 347 366 387
368 348 369 388
369 349 368 370 389
370 350 369 371
371 351 370 372 391
372 352 371 373
373 372 374 393
374 354 373 375 394
375 374 376 395
376 356 375 377 396
377 376
378 358
379 359 399
380 360 381
381 361 380 382
382 381 383
383 363 382 384
384 364 383 385
385 365 384 386
386 366 385 387
387 367 386 388
388 368 387
389 369
390 391
391 371 390
392 393
393 373 392 394
394 374 393 395
395 375 394 396
396 376 395 397
397 396 398
398 397 399
399 379 398
