40
0 (0, 0)
1 (0, 1)
2 (0, 2)
3 (0, 3)
4 (0, 4)
5 (0, 5)
6 (0, 6)
7 (0, 7)
8 (0, 8)
9 (0, 9)
10 (0, 10)
11 (0, 11)
12 (0, 12)
13 (0, 13)
14 (0, 14)
15 (0, 15)
16 (0, 16)
17 (0, 17)
18 (0, 18)
19 (0, 19)
20 (0, 20)
21 (0, 21)
22 (0, 22)
23 (0, 23)
24 (0, 24)
25 (0, 25)
26 (0, 26)
27 (0, 27)
28 (0, 28)
29 (0, 29)
30 (0, 30)
31 (0, 31)
32 (0, 32)
33 (0, 33)
34 (0, 34)
35 (0, 35)
36 (0, 36)
37 (0, 37)
38 (0, 38)
39 (0, 39)
40 (1, 0)
41 (1, 1)
42 (1, 2)
43 (1, 3)
44 (1, 4)
45 (1, 5)
46 (1, 6)
47 (1, 7)
48 (1, 8)
49 (1, 9)
50 (1, 10)
51 (1, 11)
52 (1, 12)
53 (1, 13)
54 (1, 14)
55 (1, 15)
56 (1, 16)
57 (1, 17)
58 (1, 18)
59 (1, 19)
60 (1, 20)
61 (1, 21)
62 (1, 22)
63 (1, 23)
64 (1, 24)
65 (1, 25)
66 (1, 26)
67 (1, 27)
68 (1, 28)
69 (1, 29)
70 (1, 30)
71 (1, 31)
72 (1, 32)
73 (1, 33)
74 (1, 34)
75 (1, 35)
76 (1, 36)
77 (1, 37)
78 (1, 38)
79 (1, 39)
80 (2, 0)
81 (2, 1)
82 (2, 2)
83 (2, 3)
84 (2, 4)
85 (2, 5)
86 (2, 6)
87 (2, 7)
88 (2, 8)
89 (2, 9)
90 (2, 10)
91 (2, 11)
92 (2, 12)
93 (2, 13)
94 (2, 14)
95 (2, 15)
96 (2, 16)
97 (2, 17)
98 (2, 18)
99 (2, 19)
100 (2, 20)
101 (2, 21)
102 (2, 22)
103 (2, 23)
104 (2, 24)
105 (2, 25)
106 (2, 26)
107 (2, 27)
108 (2, 28)
109 (2, 29)
110 (2, 30)
111 (2, 31)
112 (2, 32)
113 (2, 33)
114 (2, 34)
115 (2, 35)
116 (2, 36)
117 (2, 37)
118 (2, 38)
119 (2, 39)
120 (3, 0)
121 (3, 1)
122 (3, 2)
123 (3, 3)
124 (3, 4)
125 (3, 5)
126 (3, 6)
127 (3, 7)
128 (3, 8)
129 (3, 9)
130 (3, 10)
131 (3, 11)
132 (3, 12)
133 (3, 13)
134 (3, 14)
135 (3, 15)
136 (3, 16)
137 (3, 17)
138 (3, 18)
139 (3, 19)
140 (3, 20)
141 (3, 21)
142 (3, 22)
143 (3, 23)
144 (3, 24)
145 (3, 25)
146 (3, 26)
147 (3, 27)
148 (3, 28)
149 (3, 29)
150 (3, 30)
151 (3, 31)
152 (3, 32)
153 (3, 33)
154 (3, 34)
155 (3, 35)
156 (3, 36)
157 (3, 37)
158 (3, 38)
159 (3, 39)
160 (4, 0)
161 (4, 1)
162 (4, 2)
163 (4, 3)
164 (4, 4)
165 (4, 5)
166 (4, 6)
167 (4, 7)
168 (4, 8)
169 (4, 9)
170 (4, 10)
171 (4, 11)
172 (4, 12)
173 (4, 13)
174 (4, 14)
175 (4, 15)
176 (4, 16)
177 (4, 17)
178 (4, 18)
179 (4, 19)
180 (4, 20)
181 (4, 21)
182 (4, 22)
183 (4, 23)
184 (4, 24)
185 (4, 25)
186 (4, 26)
187 (4, 27)
188 (4, 28)
189 (4, 29)
190 (4, 30)
191 (4, 31)
192 (4, 32)
193 (4, 33)
194 (4, 34)
195 (4, 35)
196 (4, 36)
197 (4, 37)
198 (4, 38)
199 (4, 39)
200 (5, 0)
201 (5, 1)
202 (5, 2)
203 (5, 3)
204 (5, 4)
205 (5, 5)
206 (5, 6)
207 (5, 7)
208 (5, 8)
209 (5, 9)
210 (5, 10)
211 (5, 11)
212 (5, 12)
213 (5, 13)
214 (5, 14)
215 (5, 15)
216 (5, 16)
217 (5, 17)
218 (5, 18)
219 (5, 19)
220 (5, 20)
221 (5, 21)
222 (5, 22)
223 (5, 23)
224 (5, 24)
225 (5, 25)
226 (5, 26)
227 (5, 27)
228 (5, 28)
229 (5, 29)
230 (5, 30)
231 (5, 31)
232 (5, 32)
233 (5, 33)
234 (5, 34)
235 (5, 35)
236 (5, 36)
237 (5, 37)
238 (5, 38)
239 (5, 39)
240 (6, 0)
241 (6, 1)
242 (6, 2)
243 (6, 3)
244 (6, 4)
245 (6, 5)
246 (6, 6)
247 (6, 7)
248 (6, 8)
249 (6, 9)
250 (6, 10)
251 (6, 11)
252 (6, 12)
253 (6, 13)
254 (6, 14)
255 (6, 15)
256 (6, 16)
257 (6, 17)
258 (6, 18)
259 (6, 19)
260 (6, 20)
261 (6, 21)
262 (6, 22)
263 (6, 23)
264 (6, 24)
265 (6, 25)
266 (6, 26)
267 (6, 27)
268 (6, 28)
269 (6, 29)
270 (6, 30)
271 (6, 31)
272 (6, 32)
273 (6, 33)
274 (6, 34)
275 (6, 35)
276 (6, 36)
277 (6, 37)
278 (6, 38)
279 (6, 39)
280 (7, 0)
281 (7, 1)
282 (7, 2)
283 (7, 3)
284 (7, 4)
285 (7, 5)
286 (7, 6)
287 (7, 7)
288 (7, 8)
289 (7, 9)
290 (7, 10)
291 (7, 11)
292 (7, 12)
293 (7, 13)
294 (7, 14)
295 (7, 15)
296 (7, 16)
297 (7, 17)
298 (7, 18)
299 (7, 19)
300 (7, 20)
301 (7, 21)
302 (7, 22)
303 (7, 23)
304 (7, 24)
305 (7, 25)
306 (7, 26)
307 (7, 27)
308 (7, 28)
309 (7, 29)
310 (7, 30)
311 (7, 31)
312 (7, 32)
313 (7, 33)
314 (7, 34)
315 (7, 35)
316 (7, 36)
317 (7, 37)
318 (7, 38)
319 (7, 39)
320 (8, 0)
321 (8, 1)
322 (8, 2)
323 (8, 3)
324 (8, 4)
325 (8, 5)
326 (8, 6)
327 (8, 7)
328 (8, 8)
329 (8, 9)
330 (8, 10)
331 (8, 11)
332 (8, 12)
333 (8, 13)
334 (8, 14)
335 (8, 15)
336 (8, 16)
337 (8, 17)
338 (8, 18)
339 (8, 19)
340 (8, 20)
341 (8, 21)
342 (8, 22)
343 (8, 23)
344 (8, 24)
345 (8, 25)
346 (8, 26)
347 (8, 27)
348 (8, 28)
349 (8, 29)
350 (8, 30)
351 (8, 31)
352 (8, 32)
353 (8, 33)
354 (8, 34)
355 (8, 35)
356 (8, 36)
357 (8, 37)
358 (8, 38)
359 (8, 39)
360 (9, 0)
361 (9, 1)
362 (9, 2)
363 (9, 3)
364 (9, 4)
365 (9, 5)
366 (9, 6)
367 (9, 7)
368 (9, 8)
369 (9, 9)
370 (9, 10)
371 (9, 11)
372 (9, 12)
373 (9, 13)
374 (9, 14)
375 (9, 15)
376 (9, 16)
377 (9, 17)
378 (9, 18)
379 (9, 19)
380 (9, 20)
381 (9, 21)
382 (9, 22)
383 (9, 23)
384 (9, 24)
385 (9, 25)
386 (9, 26)
387 (9, 27)
388 (9, 28)
389 (9, 29)
390 (9, 30)
391 (9, 31)
392 (9, 32)
393 (9, 33)
394 (9, 34)
395 (9, 35)
396 (9, 36)
397 (9, 37)
398 (9, 38)
399 (9, 39)
400 (10, 0)
401 (10, 1)
402 (10, 2)
403 (10, 3)
404 (10, 4)
405 (10, 5)
406 (10, 6)
407 (10, 7)
408 (10, 8)
409 (10, 9)
410 (10, 10)
411 (10, 11)
412 (10, 12)
413 (10, 13)
414 (10, 14)
415 (10, 15)
416 (10, 16)
417 (10, 17)
418 (10, 18)
419 (10, 19)
420 (10, 20)
421 (10, 21)
422 (10, 22)
423 (10, 23)
424 (10, 24)
425 (10, 25)
426 (10, 26)
427 (10, 27)
428 (10, 28)
429 (10, 29)
430 (10, 30)
431 (10, 31)
432 (10, 32)
433 (10, 33)
434 (10, 34)
435 (10, 35)
436 (10, 36)
437 (10, 37)
438 (10, 38)
439 (10, 39)
440 (11, 0)
441 (11, 1)
442 (11, 2)
443 (11, 3)
444 (11, 4)
445 (11, 5)
446 (11, 6)
447 (11, 7)
448 (11, 8)
449 (11, 9)
450 (11, 10)
451 (11, 11)
452 (11, 12)
453 (11, 13)
454 (11, 14)
455 (11, 15)
456 (11, 16)
457 (11, 17)
458 (11, 18)
459 (11, 19)
460 (11, 20)
461 (11, 21)
462 (11, 22)
463 (11, 23)
464 (11, 24)
465 (11, 25)
466 (11, 26)
467 (11, 27)
468 (11, 28)
469 (11, 29)
470 (11, 30)
471 (11, 31)
472 (11, 32)
473 (11, 33)
474 (11, 34)
475 (11, 35)
476 (11, 36)
477 (11, 37)
478 (11, 38)
479 (11, 39)
480 (12, 0)
481 (12, 1)
482 (12, 2)
483 (12, 3)
484 (12, 4)
485 (12, 5)
486 (12, 6)
487 (12, 7)
488 (12, 8)
489 (12, 9)
490 (12, 10)
491 (12, 11)
492 (12, 12)
493 (12, 13)
494 (12, 14)
495 (12, 15)
496 (12, 16)
497 (12, 17)
498 (12, 18)
499 (12, 19)
500 (12, 20)
501 (12, 21)
502 (12, 22)
503 (12, 23)
504 (12, 24)
505 (12, 25)
506 (12, 26)
507 (12, 27)
508 (12, 28)
509 (12, 29)
510 (12, 30)
511 (12, 31)
512 (12, 32)
513 (12, 33)
514 (12, 34)
515 (12, 35)
516 (12, 36)
517 (12, 37)
518 (12, 38)
519 (12, 39)
520 (13, 0)
521 (13, 1)
522 (13, 2)
523 (13, 3)
524 (13, 4)
525 (13, 5)
526 (13, 6)
527 (13, 7)
528 (13, 8)
529 (13, 9)
530 (13, 10)
531 (13, 11)
532 (13, 12)
533 (13, 13)
534 (13, 14)
535 (13, 15)
536 (13, 16)
537 (13, 17)
538 (13, 18)
539 (13, 19)
540 (13, 20)
541 (13, 21)
542 (13, 22)
543 (13, 23)
544 (13, 24)
545 (13, 25)
546 (13, 26)
547 (13, 27)
548 (13, 28)
549 (13, 29)
550 (13, 30)
551 (13, 31)
552 (13, 32)
553 (13, 33)
554 (13, 34)
555 (13, 35)
556 (13, 36)
557 (13, 37)
558 (13, 38)
559 (13, 39)
560 (14, 0)
561 (14, 1)
562 (14, 2)
563 (14, 3)
564 (14, 4)
565 (14, 5)
566 (14, 6)
567 (14, 7)
568 (14, 8)
569 (14, 9)
570 (14, 10)
571 (14, 11)
572 (14, 12)
573 (14, 13)
574 (14, 14)
575 (14, 15)
576 (14, 16)
577 (14, 17)
578 (14, 18)
579 (14, 19)
580 (14, 20)
581 (14, 21)
582 (14, 22)
583 (14, 23)
584 (14, 24)
585 (14, 25)
586 (14, 26)
587 (14, 27)
588 (14, 28)
589 (14, 29)
590 (14, 30)
591 (14, 31)
592 (14, 32)
593 (14, 33)
594 (14, 34)
595 (14, 35)
596 (14, 36)
597 (14, 37)
598 (14, 38)
599 (14, 39)
600 (15, 0)
601 (15, 1)
602 (15, 2)
603 (15, 3)
604 (15, 4)
605 (15, 5)
606 (15, 6)
607 (15, 7)
608 (15, 8)
609 (15, 9)
610 (15, 10)
611 (15, 11)
612 (15, 12)
613 (15, 13)
614 (15, 14)
615 (15, 15)
616 (15, 16)
617 (15, 17)
618 (15, 18)
619 (15, 19)
620 (15, 20)
621 (15, 21)
622 (15, 22)
623 (15, 23)
624 (15, 24)
625 (15, 25)
626 (15, 26)
627 (15, 27)
628 (15, 28)
629 (15, 29)
630 (15, 30)
631 (15, 31)
632 (15, 32)
633 (15, 33)
634 (15, 34)
635 (15, 35)
636 (15, 36)
637 (15, 37)
638 (15, 38)
639 (15, 39)
640 (16, 0)
641 (16, 1)
642 (16, 2)
643 (16, 3)
644 (16, 4)
645 (16, 5)
646 (16, 6)
647 (16, 7)
648 (16, 8)
649 (16, 9)
650 (16, 10)
651 (16, 11)
652 (16, 12)
653 (16, 13)
654 (16, 14)
655 (16, 15)
656 (16, 16)
657 (16, 17)
658 (16, 18)
659 (16, 19)
660 (16, 20)
661 (16, 21)
662 (16, 22)
663 (16, 23)
664 (16, 24)
665 (16, 25)
666 (16, 26)
667 (16, 27)
668 (16, 28)
669 (16, 29)
670 (16, 30)
671 (16, 31)
672 (16, 32)
673 (16, 33)
674 (16, 34)
675 (16, 35)
676 (16, 36)
677 (16, 37)
678 (16, 38)
679 (16, 39)
680 (17, 0)
681 (17, 1)
682 (17, 2)
683 (17, 3)
684 (17, 4)
685 (17, 5)
686 (17, 6)
687 (17, 7)
688 (17, 8)
689 (17, 9)
690 (17, 10)
691 (17, 11)
692 (17, 12)
693 (17, 13)
694 (17, 14)
695 (17, 15)
696 (17, 16)
697 (17, 17)
698 (17, 18)
699 (17, 19)
700 (17, 20)
701 (17, 21)
702 (17, 22)
703 (17, 23)
704 (17, 24)
705 (17, 25)
706 (17, 26)
707 (17, 27)
708 (17, 28)
709 (17, 29)
710 (17, 30)
711 (17, 31)
712 (17, 32)
713 (17, 33)
714 (17, 34)
715 (17, 35)
716 (17, 36)
717 (17, 37)
718 (17, 38)
719 (17, 39)
720 (18, 0)
721 (18, 1)
722 (18, 2)
723 (18, 3)
724 (18, 4)
725 (18, 5)
726 (18, 6)
727 (18, 7)
728 (18, 8)
729 (18, 9)
730 (18, 10)
731 (18, 11)
732 (18, 12)
733 (18, 13)
734 (18, 14)
735 (18, 15)
736 (18, 16)
737 (18, 17)
738 (18, 18)
739 (18, 19)
740 (18, 20)
741 (18, 21)
742 (18, 22)
743 (18, 23)
744 (18, 24)
745 (18, 25)
746 (18, 26)
747 (18, 27)
748 (18, 28)
749 (18, 29)
750 (18, 30)
751 (18, 31)
752 (18, 32)
753 (18, 33)
754 (18, 34)
755 (18, 35)
756 (18, 36)
757 (18, 37)
758 (18, 38)
759 (18, 39)
760 (19, 0)
761 (19, 1)
762 (19, 2)
763 (19, 3)
764 (19, 4)
765 (19, 5)
766 (19, 6)
767 (19, 7)
768 (19, 8)
769 (19, 9)
770 (19, 10)
771 (19, 11)
772 (19, 12)
773 (19, 13)
774 (19, 14)
775 (19, 15)
776 (19, 16)
777 (19, 17)
778 (19, 18)
779 (19, 19)
780 (19, 20)
781 (19, 21)
782 (19, 22)
783 (19, 23)
784 (19, 24)
785 (19, 25)
786 (19, 26)
787 (19, 27)
788 (19, 28)
789 (19, 29)
790 (19, 30)
791 (19, 31)
792 (19, 32)
793 (19, 33)
794 (19, 34)
795 (19, 35)
796 (19, 36)
797 (19, 37)
798 (19, 38)
799 (19, 39)
800 (20, 0)
801 (20, 1)
802 (20, 2)
803 (20, 3)
804 (20, 4)
805 (20, 5)
806 (20, 6)
807 (20, 7)
808 (20, 8)
809 (20, 9)
810 (20, 10)
811 (20, 11)
812 (20, 12)
813 (20, 13)
814 (20, 14)
815 (20, 15)
816 (20, 16)
817 (20, 17)
818 (20, 18)
819 (20, 19)
820 (20, 20)
821 (20, 21)
822 (20, 22)
823 (20, 23)
824 (20, 24)
825 (20, 25)
826 (20, 26)
827 (20, 27)
828 (20, 28)
829 (20, 29)
830 (20, 30)
831 (20, 31)
832 (20, 32)
833 (20, 33)
834 (20, 34)
835 (20, 35)
836 (20, 36)
837 (20, 37)
838 (20, 38)
839 (20, 39)
840 (21, 0)
841 (21, 1)
842 (21, 2)
843 (21, 3)
844 (21, 4)
845 (21, 5)
846 (21, 6)
847 (21, 7)
848 (21, 8)
849 (21, 9)
850 (21, 10)
851 (21, 11)
852 (21, 12)
853 (21, 13)
854 (21, 14)
855 (21, 15)
856 (21, 16)
857 (21, 17)
858 (21, 18)
859 (21, 19)
860 (21, 20)
861 (21, 21)
862 (21, 22)
863 (21, 23)
864 (21, 24)
865 (21, 25)
866 (21, 26)
867 (21, 27)
868 (21, 28)
869 (21, 29)
870 (21, 30)
871 (21, 31)
872 (21, 32)
873 (21, 33)
874 (21, 34)
875 (21, 35)
876 (21, 36)
877 (21, 37)
878 (21, 38)
879 (21, 39)
880 (22, 0)
881 (22, 1)
882 (22, 2)
883 (22, 3)
884 (22, 4)
885 (22, 5)
886 (22, 6)
887 (22, 7)
888 (22, 8)
889 (22, 9)
890 (22, 10)
891 (22, 11)
892 (22, 12)
893 (22, 13)
894 (22, 14)
895 (22, 15)
896 (22, 16)
897 (22, 17)
898 (22, 18)
899 (22, 19)
900 (22, 20)
901 (22, 21)
902 (22, 22)
903 (22, 23)
904 (22, 24)
905 (22, 25)
906 (22, 26)
907 (22, 27)
908 (22, 28)
909 (22, 29)
910 (22, 30)
911 (22, 31)
912 (22, 32)
913 (22, 33)
914 (22, 34)
915 (22, 35)
916 (22, 36)
917 (22, 37)
918 (22, 38)
919 (22, 39)
920 (23, 0)
921 (23, 1)
922 (23, 2)
923 (23, 3)
924 (23, 4)
925 (23, 5)
926 (23, 6)
927 (23, 7)
928 (23, 8)
929 (23, 9)
930 (23, 10)
931 (23, 11)
932 (23, 12)
933 (23, 13)
934 (23, 14)
935 (23, 15)
936 (23, 16)
937 (23, 17)
938 (23, 18)
939 (23, 19)
940 (23, 20)
941 (23, 21)
942 (23, 22)
943 (23, 23)
944 (23, 24)
945 (23, 25)
946 (23, 26)
947 (23, 27)
948 (23, 28)
949 (23, 29)
950 (23, 30)
951 (23, 31)
952 (23, 32)
953 (23, 33)
954 (23, 34)
955 (23, 35)
956 (23, 36)
957 (23, 37)
958 (23, 38)
959 (23, 39)
960 (24, 0)
961 (24, 1)
962 (24, 2)
963 (24, 3)
964 (24, 4)
965 (24, 5)
966 (24, 6)
967 (24, 7)
968 (24, 8)
969 (24, 9)
970 (24, 10)
971 (24, 11)
972 (24, 12)
973 (24, 13)
974 (24, 14)
975 (24, 15)
976 (24, 16)
977 (24, 17)
978 (24, 18)
979 (24, 19)
980 (24, 20)
981 (24, 21)
982 (24, 22)
983 (24, 23)
984 (24, 24)
985 (24, 25)
986 (24, 26)
987 (24, 27)
988 (24, 28)
989 (24, 29)
990 (24, 30)
991 (24, 31)
992 (24, 32)
993 (24, 33)
994 (24, 34)
995 (24, 35)
996 (24, 36)
997 (24, 37)
998 (24, 38)
999 (24, 39)
1000 (25, 0)
1001 (25, 1)
1002 (25, 2)
1003 (25, 3)
1004 (25, 4)
1005 (25, 5)
1006 (25, 6)
1007 (25, 7)
1008 (25, 8)
1009 (25, 9)
1010 (25, 10)
1011 (25, 11)
1012 (25, 12)
1013 (25, 13)
1014 (25, 14)
1015 (25, 15)
1016 (25, 16)
1017 (25, 17)
1018 (25, 18)
1019 (25, 19)
1020 (25, 20)
1021 (25, 21)
1022 (25, 22)
1023 (25, 23)
1024 (25, 24)
1025 (25, 25)
1026 (25, 26)
1027 (25, 27)
1028 (25, 28)
1029 (25, 29)
1030 (25, 30)
1031 (25, 31)
1032 (25, 32)
1033 (25, 33)
1034 (25, 34)
1035 (25, 35)
1036 (25, 36)
1037 (25, 37)
1038 (25, 38)
1039 (25, 39)
1040 (26, 0)
1041 (26, 1)
1042 (26, 2)
1043 (26, 3)
1044 (26, 4)
1045 (26, 5)
1046 (26, 6)
1047 (26, 7)
1048 (26, 8)
1049 (26, 9)
1050 (26, 10)
1051 (26, 11)
1052 (26, 12)
1053 (26, 13)
1054 (26, 14)
1055 (26, 15)
1056 (26, 16)
1057 (26, 17)
1058 (26, 18)
1059 (26, 19)
1060 (26, 20)
1061 (26, 21)
1062 (26, 22)
1063 (26, 23)
1064 (26, 24)
1065 (26, 25)
1066 (26, 26)
1067 (26, 27)
1068 (26, 28)
1069 (26, 29)
1070 (26, 30)
1071 (26, 31)
1072 (26, 32)
1073 (26, 33)
1074 (26, 34)
1075 (26, 35)
1076 (26, 36)
1077 (26, 37)
1078 (26, 38)
1079 (26, 39)
1080 (27, 0)
1081 (27, 1)
1082 (27, 2)
1083 (27, 3)
1084 (27, 4)
1085 (27, 5)
1086 (27, 6)
1087 (27, 7)
1088 (27, 8)
1089 (27, 9)
1090 (27, 10)
1091 (27, 11)
1092 (27, 12)
1093 (27, 13)
1094 (27, 14)
1095 (27, 15)
1096 (27, 16)
1097 (27, 17)
1098 (27, 18)
1099 (27, 19)
1100 (27, 20)
1101 (27, 21)
1102 (27, 22)
1103 (27, 23)
1104 (27, 24)
1105 (27, 25)
1106 (27, 26)
1107 (27, 27)
1108 (27, 28)
1109 (27, 29)
1110 (27, 30)
1111 (27, 31)
1112 (27, 32)
1113 (27, 33)
1114 (27, 34)
1115 (27, 35)
1116 (27, 36)
1117 (27, 37)
1118 (27, 38)
1119 (27, 39)
1120 (28, 0)
1121 (28, 1)
1122 (28, 2)
1123 (28, 3)
1124 (28, 4)
1125 (28, 5)
1126 (28, 6)
1127 (28, 7)
1128 (28, 8)
1129 (28, 9)
1130 (28, 10)
1131 (28, 11)
1132 (28, 12)
1133 (28, 13)
1134 (28, 14)
1135 (28, 15)
1136 (28, 16)
1137 (28, 17)
1138 (28, 18)
1139 (28, 19)
1140 (28, 20)
1141 (28, 21)
1142 (28, 22)
1143 (28, 23)
1144 (28, 24)
1145 (28, 25)
1146 (28, 26)
1147 (28, 27)
1148 (28, 28)
1149 (28, 29)
1150 (28, 30)
1151 (28, 31)
1152 (28, 32)
1153 (28, 33)
1154 (28, 34)
1155 (28, 35)
1156 (28, 36)
1157 (28, 37)
1158 (28, 38)
1159 (28, 39)
1160 (29, 0)
1161 (29, 1)
1162 (29, 2)
1163 (29, 3)
1164 (29, 4)
1165 (29, 5)
1166 (29, 6)
1167 (29, 7)
1168 (29, 8)
1169 (29, 9)
1170 (29, 10)
1171 (29, 11)
1172 (29, 12)
1173 (29, 13)
1174 (29, 14)
1175 (29, 15)
1176 (29, 16)
1177 (29, 17)
1178 (29, 18)
1179 (29, 19)
1180 (29, 20)
1181 (29, 21)
1182 (29, 22)
1183 (29, 23)
1184 (29, 24)
1185 (29, 25)
1186 (29, 26)
1187 (29, 27)
1188 (29, 28)
1189 (29, 29)
1190 (29, 30)
1191 (29, 31)
1192 (29, 32)
1193 (29, 33)
1194 (29, 34)
1195 (29, 35)
1196 (29, 36)
1197 (29, 37)
1198 (29, 38)
1199 (29, 39)
1200 (30, 0)
1201 (30, 1)
1202 (30, 2)
1203 (30, 3)
1204 (30, 4)
1205 (30, 5)
1206 (30, 6)
1207 (30, 7)
1208 (30, 8)
1209 (30, 9)
1210 (30, 10)
1211 (30, 11)
1212 (30, 12)
1213 (30, 13)
1214 (30, 14)
1215 (30, 15)
1216 (30, 16)
1217 (30, 17)
1218 (30, 18)
1219 (30, 19)
1220 (30, 20)
1221 (30, 21)
1222 (30, 22)
1223 (30, 23)
1224 (30, 24)
1225 (30, 25)
1226 (30, 26)
1227 (30, 27)
1228 (30, 28)
1229 (30, 29)
1230 (30, 30)
1231 (30, 31)
1232 (30, 32)
1233 (30, 33)
1234 (30, 34)
1235 (30, 35)
1236 (30, 36)
1237 (30, 37)
1238 (30, 38)
1239 (30, 39)
1240 (31, 0)
1241 (31, 1)
1242 (31, 2)
1243 (31, 3)
1244 (31, 4)
1245 (31, 5)
1246 (31, 6)
1247 (31, 7)
1248 (31, 8)
1249 (31, 9)
1250 (31, 10)
1251 (31, 11)
1252 (31, 12)
1253 (31, 13)
1254 (31, 14)
1255 (31, 15)
1256 (31, 16)
1257 (31, 17)
1258 (31, 18)
1259 (31, 19)
1260 (31, 20)
1261 (31, 21)
1262 (31, 22)
1263 (31, 23)
1264 (31, 24)
1265 (31, 25)
1266 (31, 26)
1267 (31, 27)
1268 (31, 28)
1269 (31, 29)
1270 (31, 30)
1271 (31, 31)
1272 (31, 32)
1273 (31, 33)
1274 (31, 34)
1275 (31, 35)
1276 (31, 36)
1277 (31, 37)
1278 (31, 38)
1279 (31, 39)
1280 (32, 0)
1281 (32, 1)
1282 (32, 2)
1283 (32, 3)
1284 (32, 4)
1285 (32, 5)
1286 (32, 6)
1287 (32, 7)
1288 (32, 8)
1289 (32, 9)
1290 (32, 10)
1291 (32, 11)
1292 (32, 12)
1293 (32, 13)
1294 (32, 14)
1295 (32, 15)
1296 (32, 16)
1297 (32, 17)
1298 (32, 18)
1299 (32, 19)
1300 (32, 20)
1301 (32, 21)
1302 (32, 22)
1303 (32, 23)
1304 (32, 24)
1305 (32, 25)
1306 (32, 26)
1307 (32, 27)
1308 (32, 28)
1309 (32, 29)
1310 (32, 30)
1311 (32, 31)
1312 (32, 32)
1313 (32, 33)
1314 (32, 34)
1315 (32, 35)
1316 (32, 36)
1317 (32, 37)
1318 (32, 38)
1319 (32, 39)
1320 (33, 0)
1321 (33, 1)
1322 (33, 2)
1323 (33, 3)
1324 (33, 4)
1325 (33, 5)
1326 (33, 6)
1327 (33, 7)
1328 (33, 8)
1329 (33, 9)
1330 (33, 10)
1331 (33, 11)
1332 (33, 12)
1333 (33, 13)
1334 (33, 14)
1335 (33, 15)
1336 (33, 16)
1337 (33, 17)
1338 (33, 18)
1339 (33, 19)
1340 (33, 20)
1341 (33, 21)
1342 (33, 22)
1343 (33, 23)
1344 (33, 24)
1345 (33, 25)
1346 (33, 26)
1347 (33, 27)
1348 (33, 28)
1349 (33, 29)
1350 (33, 30)
1351 (33, 31)
1352 (33, 32)
1353 (33, 33)
1354 (33, 34)
1355 (33, 35)
1356 (33, 36)
1357 (33, 37)
1358 (33, 38)
1359 (33, 39)
1360 (34, 0)
1361 (34, 1)
1362 (34, 2)
1363 (34, 3)
1364 (34, 4)
1365 (34, 5)
1366 (34, 6)
1367 (34, 7)
1368 (34, 8)
1369 (34, 9)
1370 (34, 10)
1371 (34, 11)
1372 (34, 12)
1373 (34, 13)
1374 (34, 14)
1375 (34, 15)
1376 (34, 16)
1377 (34, 17)
1378 (34, 18)
1379 (34, 19)
1380 (34, 20)
1381 (34, 21)
1382 (34, 22)
1383 (34, 23)
1384 (34, 24)
1385 (34, 25)
1386 (34, 26)
1387 (34, 27)
1388 (34, 28)
1389 (34, 29)
1390 (34, 30)
1391 (34, 31)
1392 (34, 32)
1393 (34, 33)
1394 (34, 34)
1395 (34, 35)
1396 (34, 36)
1397 (34, 37)
1398 (34, 38)
1399 (34, 39)
1400 (35, 0)
1401 (35, 1)
1402 (35, 2)
1403 (35, 3)
1404 (35, 4)
1405 (35, 5)
1406 (35, 6)
1407 (35, 7)
1408 (35, 8)
1409 (35, 9)
1410 (35, 10)
1411 (35, 11)
1412 (35, 12)
1413 (35, 13)
1414 (35, 14)
1415 (35, 15)
1416 (35, 16)
1417 (35, 17)
1418 (35, 18)
1419 (35, 19)
1420 (35, 20)
1421 (35, 21)
1422 (35, 22)
1423 (35, 23)
1424 (35, 24)
1425 (35, 25)
1426 (35, 26)
1427 (35, 27)
1428 (35, 28)
1429 (35, 29)
1430 (35, 30)
1431 (35, 31)
1432 (35, 32)
1433 (35, 33)
1434 (35, 34)
1435 (35, 35)
1436 (35, 36)
1437 (35, 37)
1438 (35, 38)
1439 (35, 39)
1440 (36, 0)
1441 (36, 1)
1442 (36, 2)
1443 (36, 3)
1444 (36, 4)
1445 (36, 5)
1446 (36, 6)
1447 (36, 7)
1448 (36, 8)
1449 (36, 9)
1450 (36, 10)
1451 (36, 11)
1452 (36, 12)
1453 (36, 13)
1454 (36, 14)
1455 (36, 15)
1456 (36, 16)
1457 (36, 17)
1458 (36, 18)
1459 (36, 19)
1460 (36, 20)
1461 (36, 21)
1462 (36, 22)
1463 (36, 23)
1464 (36, 24)
1465 (36, 25)
1466 (36, 26)
1467 (36, 27)
1468 (36, 28)
1469 (36, 29)
1470 (36, 30)
1471 (36, 31)
1472 (36, 32)
1473 (36, 33)
1474 (36, 34)
1475 (36, 35)
1476 (36, 36)
1477 (36, 37)
1478 (36, 38)
1479 (36, 39)
1480 (37, 0)
1481 (37, 1)
1482 (37, 2)
1483 (37, 3)
1484 (37, 4)
1485 (37, 5)
1486 (37, 6)
1487 (37, 7)
1488 (37, 8)
1489 (37, 9)
1490 (37, 10)
1491 (37, 11)
1492 (37, 12)
1493 (37, 13)
1494 (37, 14)
1495 (37, 15)
1496 (37, 16)
1497 (37, 17)
1498 (37, 18)
1499 (37, 19)
1500 (37, 20)
1501 (37, 21)
1502 (37, 22)
1503 (37, 23)
1504 (37, 24)
1505 (37, 25)
1506 (37, 26)
1507 (37, 27)
1508 (37, 28)
1509 (37, 29)
1510 (37, 30)
1511 (37, 31)
1512 (37, 32)
1513 (37, 33)
1514 (37, 34)
1515 (37, 35)
1516 (37, 36)
1517 (37, 37)
1518 (37, 38)
1519 (37, 39)
1520 (38, 0)
1521 (38, 1)
1522 (38, 2)
1523 (38, 3)
1524 (38, 4)
1525 (38, 5)
1526 (38, 6)
1527 (38, 7)
1528 (38, 8)
1529 (38, 9)
1530 (38, 10)
1531 (38, 11)
1532 (38, 12)
1533 (38, 13)
1534 (38, 14)
1535 (38, 15)
1536 (38, 16)
1537 (38, 17)
1538 (38, 18)
1539 (38, 19)
1540 (38, 20)
1541 (38, 21)
1542 (38, 22)
1543 (38, 23)
1544 (38, 24)
1545 (38, 25)
1546 (38, 26)
1547 (38, 27)
1548 (38, 28)
1549 (38, 29)
1550 (38, 30)
1551 (38, 31)
1552 (38, 32)
1553 (38, 33)
1554 (38, 34)
1555 (38, 35)
1556 (38, 36)
1557 (38, 37)
1558 (38, 38)
1559 (38, 39)
1560 (39, 0)
1561 (39, 1)
1562 (39, 2)
1563 (39, 3)
1564 (39, 4)
1565 (39, 5)
1566 (39, 6)
1567 (39, 7)
1568 (39, 8)
1569 (39, 9)
1570 (39, 10)
1571 (39, 11)
1572 (39, 12)
1573 (39, 13)
1574 (39, 14)
1575 (39, 15)
1576 (39, 16)
1577 (39, 17)
1578 (39, 18)
1579 (39, 19)
1580 (39, 20)
1581 (39, 21)
1582 (39, 22)
1583 (39, 23)
1584 (39, 24)
1585 (39, 25)
1586 (39, 26)
1587 (39, 27)
1588 (39, 28)
1589 (39, 29)
1590 (39, 30)
1591 (39, 31)
1592 (39, 32)
1593 (39, 33)
1594 (39, 34)
1595 (39, 35)
1596 (39, 36)
1597 (39, 37)
1598 (39, 38)
1599 (39, 39)
0 1 40
1 0 2 41
2 1 3 42
3 2 4 43
4 3 5 44
5 4 6 45
6 5 7
7 6 8 47
8 7 9 48
9 8 10 49
10 9 11 50
11 10 12 51
12 11 13 52
13 12 14 53
14 13 15 54
15 14 16 55
16 15 17 56
17 16 18 57
18 17 19 58
19 18 20 59
20 19 21 60
21 20 22 61
22 21 23 62
23 22 24 63
24 23 25 64
25 24 26 65
26 25 27
27 26 28 67
28 27 29 68
29 28 30 69
30 29 31 70
31 30 32 71
32 31 33 72
33 32 73
34 35 74
35 34 36 75
36 35 37 76
37 36 38 77
38 37 39 78
39 38
40 0 41 80
41 1 40 42 81
42 2 41 43
43 3 42 44 83
44 4 43 84
45 5 46 85
46 45 47 86
47 7 46 48 87
48 8 47 49 88
49 9 48 89
50 10 51 90
51 11 50 52 91
52 12 51 53 92
53 13 52 54 93
54 14 53 55 94
55 15 54 56 95
56 16 55 57 96
57 17 56 58 97
58 18 57 59 98
59 19 58 99
60 20 61 100
61 21 60 62 101
62 22 61 63 102
63 23 62 64
64 24 63 65 104
65 25 64 66 105
66 65 67 106
67 27 66 68 107
68 28 67 108
69 29 70 109
70 30 69 71 110
71 31 70 72 111
72 32 71 73 112
73 33 72 74 113
74 34 73 75 114
75 35 74 76 115
76 36 75 77 116
77 37 76 78 117
78 38 77 79 118
79 78
80 40 81 120
81 41 80 82 121
82 81 83 122
83 43 82 123
84 44 85 124
85 45 84 86 125
86 46 85 87 126
87 47 86 88 127
88 48 87 89 128
89 49 88 90 129
90 50 89 91 130
91 51 90 92 131
92 52 91 132
93 53 94 133
94 54 93 95
95 55 94 96
96 56 95 97 136
97 57 96 98 137
98 58 97 99 138
99 59 98 100 139
100 60 99 101 140
101 61 100 102 141
102 62 101 103 142
103 102 104 143
104 64 103 105 144
105 65 104 106 145
106 66 105 107 146
107 67 106 108
108 68 107 109 148
109 69 108 110 149
110 70 109 111 150
111 71 110 112 151
112 72 111 113 152
113 73 112 114
114 74 113 115 154
115 75 114 116 155
116 76 115 117 156
117 77 116 118 157
118 78 117 119
119 118 159
120 80 121 160
121 81 120 161
122 82 123 162
123 83 122 124
124 84 123 125 164
125 85 124 126 165
126 86 125
127 87 128 167
128 88 127 129 168
129 89 128 130 169
130 90 129 131 170
131 91 130 132 171
132 92 131 172
133 93 134 173
134 133 135
135 134 136 175
136 96 135 137 176
137 97 136 138 177
138 98 137 139 178
139 99 138 140
140 100 139 141 180
141 101 140 142 181
142 102 141 143 182
143 103 142 144
144 104 143 184
145 105 146
146 106 145 147 186
147 146 148 187
148 108 147 149 188
149 109 148 150 189
150 110 149 151 190
151 111 150 152 191
152 112 151 153 192
153 152 154
154 114 153 155 194
155 115 154 156 195
156 116 155 157 196
157 117 156 158 197
158 157 159 198
159 119 158 199
160 120 161 200
161 121 160 162 201
162 122 161 163 202
163 162 164 203
164 124 163 165 204
165 125 164 166 205
166 165 167 206
167 127 166 168 207
168 128 167 169 208
169 129 168 170 209
170 130 169 171 210
171 131 170 172 211
172 132 171 173 212
173 133 172 174 213
174 173 175 214
175 135 174 176 215
176 136 175 177 216
177 137 176 217
178 138 179 218
179 178 180 219
180 140 179 181
181 141 180 182 221
182 142 181 183 222
183 182 184 223
184 144 183 185 224
185 184 225
186 146 187 226
187 147 186 188 227
188 148 187 189 228
189 149 188 190 229
190 150 189 191
191 151 190 192 231
192 152 191 193 232
193 192 233
194 154 195 234
195 155 194 196 235
196 156 195 197
197 157 196 198 237
198 158 197 199 238
199 159 198 239
200 160 201 240
201 161 200 202 241
202 162 201 203 242
203 163 202 204 243
204 164 203 205 244
205 165 204 206 245
206 166 205 207 246
207 167 206 208 247
208 168 207 209 248
209 169 208 210 249
210 170 209 211 250
211 171 210 212 251
212 172 211 213 252
213 173 212 253
214 174 215 254
215 175 214 216
216 176 215 217 256
217 177 216 218 257
218 178 217 219 258
219 179 218 220 259
220 219 221 260
221 181 220 222 261
222 182 221 223 262
223 183 222 224 263
224 184 223 225 264
225 185 224 226 265
226 186 225 227
227 187 226 228 267
228 188 227 229 268
229 189 228 230 269
230 229 231
231 191 230 232 271
232 192 231 233 272
233 193 232 234 273
234 194 233 235 274
235 195 234 236 275
236 235 237 276
237 197 236 277
238 198 239 278
239 199 238 279
240 200 241 280
241 201 240 242 281
242 202 241 282
243 203 244 283
244 204 243 245 284
245 205 244 246 285
246 206 245 247 286
247 207 246 287
248 208 249
249 209 248 250 289
250 210 249 290
251 211 252 291
252 212 251 253 292
253 213 252 254 293
254 214 253 255
255 254 256 295
256 216 255 257 296
257 217 256 258 297
258 218 257 259 298
259 219 258 299
260 220 261 300
261 221 260 262 301
262 222 261 263 302
263 223 262 303
264 224 265 304
265 225 264
266 267 306
267 227 266 268 307
268 228 267 269 308
269 229 268 270 309
270 269 271
271 231 270 272 311
272 232 271 273 312
273 233 272 274 313
274 234 273 275 314
275 235 274 276 315
276 236 275 277
277 237 276 278 317
278 238 277 279 318
279 239 278 319
280 240 281 320
281 241 280 282 321
282 242 281 283 322
283 243 282 323
284 244 285 324
285 245 284 286 325
286 246 285 287 326
287 247 286 288 327
288 287 289 328
289 249 288 290 329
290 250 289 291 330
291 251 290 292 331
292 252 291 293 332
293 253 292 294 333
294 293 334
295 255 296 335
296 256 295 297 336
297 257 296 298
298 258 297 299 338
299 259 298 300 339
300 260 299 301 340
301 261 300 302 341
302 262 301 303 342
303 263 302 304 343
304 264 303 305 344
305 304 306 345
306 266 305 307 346
307 267 306 308 347
308 268 307 309 348
309 269 308 310 349
310 309 311 350
311 271 310 312 351
312 272 311 313 352
313 273 312 314 353
314 274 313 315 354
315 275 314 316 355
316 315 317 356
317 277 316 357
318 278 319 358
319 279 318 359
320 280 360
321 281 322 361
322 282 321 323 362
323 283 322 324 363
324 284 323 325 364
325 285 324 326 365
326 286 325 327 366
327 287 326 328 367
328 288 327 329 368
329 289 328 369
330 290 331 370
331 291 330 332 371
332 292 331 333 372
333 293 332 334 373
334 294 333 374
335 295 336 375
336 296 335 337 376
337 336 338 377
338 298 337 339 378
339 299 338 340 379
340 300 339 341 380
341 301 340 342 381
342 302 341 343 382
343 303 342 344 383
344 304 343
345 305 346 385
346 306 345 386
347 307 348 387
348 308 347 349 388
349 309 348 350 389
350 310 349 351
351 311 350 352 391
352 312 351 353
353 313 352 354 393
354 314 353 355 394
355 315 354 356 395
356 316 355 357 396
357 317 356 358 397
358 318 357 398
359 319 399
360 320 400
361 321 362
362 322 361 363 402
363 323 362 364 403
364 324 363 365
365 325 364 366 405
366 326 365 367 406
367 327 366 368 407
368 328 367 369 408
369 329 368 370
370 330 369 371 410
371 331 370 372 411
372 332 371 373 412
373 333 372 374 413
374 334 373 375 414
375 335 374 376 415
376 336 375 377 416
377 337 376 378 417
378 338 377 379 418
379 339 378 380 419
380 340 379 381 420
381 341 380 382 421
382 342 381 422
383 343 423
384 385 424
385 345 384 386 425
386 346 385 387 426
387 347 386 388 427
388 348 387 428
389 349 390 429
390 389 391 430
391 351 390 392 431
392 391 393 432
393 353 392 394 433
394 354 393 395 434
395 355 394 396 435
396 356 395 397 436
397 357 396 398 437
398 358 397 399
399 359 398 439
400 360 401 440
401 400 402 441
402 362 401 403
403 363 402 404 443
404 403 405 444
405 365 404 406 445
406 366 405 407
407 367 406 408 447
408 368 407 409 448
409 408 410 449
410 370 409 411 450
411 371 410 412 451
412 372 411 413 452
413 373 412 414 453
414 374 413 415 454
415 375 414 416 455
416 376 415 417 456
417 377 416 418 457
418 378 417 419
419 379 418 420 459
420 380 419 421 460
421 381 420 422 461
422 382 421 423 462
423 383 422 424 463
424 384 423 425 464
425 385 424 426 465
426 386 425 427 466
427 387 426 428 467
428 388 427 429 468
429 389 428 430 469
430 390 429 431 470
431 391 430 432 471
432 392 431 433 472
433 393 432 434 473
434 394 433 474
435 395 436 475
436 396 435 437 476
437 397 436 438 477
438 437 439 478
439 399 438 479
440 400 441 480
441 401 440 442 481
442 441 443 482
443 403 442 444 483
444 404 443 484
445 405 446 485
446 445 447 486
447 407 446 448 487
448 408 447 449 488
449 409 448 450 489
450 410 449 490
451 411 452 491
452 412 451 453 492
453 413 452 454 493
454 414 453 455 494
455 415 454 456 495
456 416 455 457 496
457 417 456 458 497
458 457 459 498
459 419 458 460 499
460 420 459 461 500
461 421 460 462 501
462 422 461 463 502
463 423 462 464 503
464 424 463 504
465 425 466
466 426 465 467 506
467 427 466 468 507
468 428 467 469 508
469 429 468 470
470 430 469 471 510
471 431 470 472 511
472 432 471 473 512
473 433 472 474 513
474 434 473 475 514
475 435 474 476 515
476 436 475 477 516
477 437 476 478 517
478 438 477 479 518
479 439 478 519
480 440 481 520
481 441 480 482 521
482 442 481 483 522
483 443 482 484 523
484 444 483 485 524
485 445 484
486 446 487 526
487 447 486 488
488 448 487 489 528
489 449 488 490 529
490 450 489 491
491 451 490 492 531
492 452 491 493 532
493 453 492 533
494 454 495 534
495 455 494 496 535
496 456 495 497 536
497 457 496 498 537
498 458 497 538
499 459 500
500 460 499 501 540
501 461 500 502 541
502 462 501 503 542
503 463 502 504 543
504 464 503 505 544
505 504 545
506 466 507 546
507 467 506 508 547
508 468 507 509 548
509 508 549
510 470 511 550
511 471 510 512 551
512 472 511 513 552
513 473 512 514
514 474 513 515 554
515 475 514 555
516 476 517
517 477 516 518
518 478 517 519 558
519 479 518
520 480 521 560
521 481 520 522
522 482 521 523 562
523 483 522 524 563
524 484 523 525 564
525 524 526 565
526 486 525 527 566
527 526 528 567
528 488 527 529 568
529 489 528 530 569
530 529 531 570
531 491 530 532 571
532 492 531 533 572
533 493 532 534 573
534 494 533 535 574
535 495 534 536 575
536 496 535 537 576
537 497 536 538 577
538 498 537 539 578
539 538 579
540 500 541 580
541 501 540 581
542 502 582
543 503 544 583
544 504 543 545 584
545 505 544 546 585
546 506 545 547 586
547 507 546 548
548 508 547 549 588
549 509 548 550 589
550 510 549 551 590
551 511 550 552 591
552 512 551 553 592
553 552 554 593
554 514 553 555 594
555 515 554 556 595
556 555 557
557 556 558 597
558 518 557 598
559 599
560 520 561 600
561 560 562 601
562 522 561 563 602
563 523 562 603
564 524 565 604
565 525 564 566 605
566 526 565 567 606
567 527 566 607
568 528 569 608
569 529 568 570 609
570 530 569 571 610
571 531 570 611
572 532 573 612
573 533 572 574 613
574 534 573 575 614
575 535 574 576 615
576 536 575 577 616
577 537 576 578 617
578 538 577 579 618
579 539 578 580
580 540 579 581
581 541 580 582 621
582 542 581 583 622
583 543 582 584 623
584 544 583 585 624
585 545 584 586 625
586 546 585 587 626
587 586 588 627
588 548 587 589 628
589 549 588 629
590 550
591 551 592 631
592 552 591 593 632
593 553 592 594 633
594 554 593 634
595 555 596 635
596 595 597 636
597 557 596 598 637
598 558 597 599 638
599 559 598 639
600 560
601 561 602 641
602 562 601 603 642
603 563 602 604 643
604 564 603 605 644
605 565 604 606 645
606 566 605 607 646
607 567 606 608 647
608 568 607
609 569 610 649
610 570 609 611 650
611 571 610 612 651
612 572 611 613
613 573 612 614 653
614 574 613 615 654
615 575 614 616 655
616 576 615 617 656
617 577 616 618 657
618 578 617 619 658
619 618 620 659
620 619 621 660
621 581 620 661
622 582 623 662
623 583 622 624 663
624 584 623 625 664
625 585 624 626 665
626 586 625 627 666
627 587 626 628 667
628 588 627 629 668
629 589 628 630 669
630 629 631 670
631 591 630 632 671
632 592 631 633 672
633 593 632 634 673
634 594 633 635 674
635 595 634 675
636 596 637 676
637 597 636 638 677
638 598 637 639 678
639 599 638 679
640 641 680
641 601 640 642 681
642 602 641 643
643 603 642 644 683
644 604 643 645
645 605 644 646 685
646 606 645 647 686
647 607 646 648 687
648 647 649 688
649 609 648 650 689
650 610 649 651
651 611 650 691
652 653 692
653 613 652 654 693
654 614 653 655 694
655 615 654 695
656 616 657 696
657 617 656 658 697
658 618 657 659 698
659 619 658 660 699
660 620 659 661
661 621 660 662 701
662 622 661 663 702
663 623 662 664 703
664 624 663 665 704
665 625 664 666 705
666 626 665 667 706
667 627 666 668
668 628 667 669 708
669 629 668 709
670 630 671 710
671 631 670 672 711
672 632 671 673 712
673 633 672 674 713
674 634 673 675 714
675 635 674 676 715
676 636 675 716
677 637 678 717
678 638 677 679 718
679 639 678 719
680 640 681 720
681 641 680 682 721
682 681 683 722
683 643 682 684 723
684 683 685 724
685 645 684 725
686 646 687 726
687 647 686 727
688 648 689 728
689 649 688 729
690 691 730
691 651 690 692 731
692 652 691 693 732
693 653 692 694 733
694 654 693 695 734
695 655 694 696 735
696 656 695 736
697 657 698 737
698 658 697 699 738
699 659 698 700 739
700 699 701 740
701 661 700 702 741
702 662 701 703 742
703 663 702 704 743
704 664 703 705 744
705 665 704 745
706 666 707 746
707 706 708 747
708 668 707 709 748
709 669 708 710 749
710 670 709 711 750
711 671 710 751
712 672 713 752
713 673 712 714 753
714 674 713 715 754
715 675 714 716 755
716 676 715 717 756
717 677 716 718 757
718 678 717 719 758
719 679 718 759
720 680 721 760
721 681 720 761
722 682 723 762
723 683 722 763
724 684 725 764
725 685 724 765
726 686 727 766
727 687 726 728 767
728 688 727 729 768
729 689 728 730 769
730 690 729 731
731 691 730 771
732 692 733 772
733 693 732 734
734 694 733 735 774
735 695 734 736
736 696 735 737 776
737 697 736 738 777
738 698 737 739 778
739 699 738 740 779
740 700 739 741 780
741 701 740 742 781
742 702 741 743 782
743 703 742 744
744 704 743 745 784
745 705 744 746
746 706 745 747 786
747 707 746 748 787
748 708 747 749 788
749 709 748 750 789
750 710 749 751 790
751 711 750 752 791
752 712 751 753 792
753 713 752 793
754 714 755 794
755 715 754 756 795
756 716 755 796
757 717 758 797
758 718 757 759
759 719 758 799
760 720 761 800
761 721 760 762
762 722 761 763 802
763 723 762 764 803
764 724 763 765 804
765 725 764 766 805
766 726 765 767
767 727 766 768 807
768 728 767 769 808
769 729 768 770 809
770 769 771 810
771 731 770 772 811
772 732 771 773
773 772 774
774 734 773 775
775 774 776 815
776 736 775 777 816
777 737 776 778 817
778 738 777 779 818
779 739 778 780 819
780 740 779 781 820
781 741 780 782 821
782 742 781 783 822
783 782 784 823
784 744 783 785 824
785 784 786 825
786 746 785 826
787 747 788 827
788 748 787 789 828
789 749 788 790 829
790 750 789 791
791 751 790 792
792 752 791 793 832
793 753 792 794 833
794 754 793 795 834
795 755 794 796 835
796 756 795 836
797 757 798
798 797 799 838
799 759 798 839
800 760 801 840
801 800 802 841
802 762 801 803 842
803 763 802 804 843
804 764 803 805 844
805 765 804 806 845
806 805 807 846
807 767 806 808 847
808 768 807 848
809 769 810 849
810 770 809 811 850
811 771 810 812 851
812 811 813 852
813 812 814 853
814 813 815 854
815 775 814 816 855
816 776 815 817 856
817 777 816 818 857
818 778 817 819 858
819 779 818 820 859
820 780 819 821 860
821 781 820 822 861
822 782 821 823 862
823 783 822 824 863
824 784 823 825 864
825 785 824 826 865
826 786 825 827 866
827 787 826 828 867
828 788 827 868
829 789 830 869
830 829 831 870
831 830 832 871
832 792 831 833 872
833 793 832 834 873
834 794 833 835 874
835 795 834 836 875
836 796 835 837 876
837 836 838 877
838 798 837 839 878
839 799 838 879
840 800 841 880
841 801 840 842 881
842 802 841 843 882
843 803 842 844 883
844 804 843 845 884
845 805 844 885
846 806 847 886
847 807 846 848 887
848 808 847 849 888
849 809 848 850 889
850 810 849 851
851 811 850 852 891
852 812 851 853 892
853 813 852 854 893
854 814 853 855 894
855 815 854 856 895
856 816 855 857 896
857 817 856 858 897
858 818 857 859 898
859 819 858 860 899
860 820 859 861 900
861 821 860 862 901
862 822 861 863 902
863 823 862 864 903
864 824 863 865 904
865 825 864 866 905
866 826 865 867 906
867 827 866 868 907
868 828 867 869 908
869 829 868 909
870 830 871 910
871 831 870 872 911
872 832 871 873 912
873 833 872 874 913
874 834 873 875 914
875 835 874 876 915
876 836 875 877 916
877 837 876 878 917
878 838 877 879 918
879 839 878 919
880 840 881 920
881 841 880 882 921
882 842 881 883 922
883 843 882 884 923
884 844 883 885 924
885 845 884 925
886 846 887 926
887 847 886 927
888 848 889 928
889 849 888 890
890 889 891 930
891 851 890 931
892 852 893 932
893 853 892 894 933
894 854 893 895
895 855 894 896 935
896 856 895 897 936
897 857 896 898 937
898 858 897 938
899 859 900 939
900 860 899 901 940
901 861 900 902 941
902 862 901 942
903 863 904
904 864 903 905 944
905 865 904 906 945
906 866 905 907 946
907 867 906 908
908 868 907 909 948
909 869 908 910 949
910 870 909 911 950
911 871 910 912 951
912 872 911 913 952
913 873 912 914 953
914 874 913 954
915 875 916 955
916 876 915 917 956
917 877 916 918 957
918 878 917 919 958
919 879 918 959
920 880 921
921 881 920 922 961
922 882 921 923 962
923 883 922 924 963
924 884 923 925
925 885 924 926 965
926 886 925 927 966
927 887 926 928 967
928 888 927 929
929 928 930
930 890 929 931
931 891 930 932 971
932 892 931 933 972
933 893 932 934 973
934 933 935
935 895 934 975
936 896 937 976
937 897 936 938 977
938 898 937 939 978
939 899 938 940
940 900 939 941 980
941 901 940 942 981
942 902 941 943 982
943 942
944 904 945 984
945 905 944 946 985
946 906 945 947 986
947 946 948 987
948 908 947 949 988
949 909 948 950 989
950 910 949 951
951 911 950 952 991
952 912 951 953 992
953 913 952 954 993
954 914 953 955 994
955 915 954 956 995
956 916 955 957 996
957 917 956 958 997
958 918 957 959 998
959 919 958 999
960 961 1000
961 921 960 962 1001
962 922 961 963 1002
963 923 962 964 1003
964 963 965 1004
965 925 964 966
966 926 965 967 1006
967 927 966 968 1007
968 967 969 1008
969 968 970 1009
970 969 1010
971 931 1011
972 932 973 1012
973 933 972 974 1013
974 973 975 1014
975 935 974 976 1015
976 936 975 977 1016
977 937 976 978 1017
978 938 977 979 1018
979 978 980 1019
980 940 979 981 1020
981 941 980 982 1021
982 942 981 983 1022
983 982 984
984 944 983 985 1024
985 945 984 986 1025
986 946 985 987 1026
987 947 986 988 1027
988 948 987 989 1028
989 949 988 990 1029
990 989 991 1030
991 951 990 992 1031
992 952 991 993 1032
993 953 992 994 1033
994 954 993 995 1034
995 955 994 996
996 956 995 997 1036
997 957 996 998 1037
998 958 997 999 1038
999 959 998 1039
1000 960 1001
1001 961 1000 1002 1041
1002 962 1001 1042
1003 963 1004 1043
1004 964 1003 1044
1005 1006 1045
1006 966 1005 1007 1046
1007 967 1006 1008
1008 968 1007 1009 1048
1009 969 1008 1010 1049
1010 970 1009 1011 1050
1011 971 1010 1051
1012 972 1052
1013 973 1014
1014 974 1013 1015 1054
1015 975 1014 1016 1055
1016 976 1015 1017 1056
1017 977 1016 1018
1018 978 1017 1019 1058
1019 979 1018 1020
1020 980 1019 1021 1060
1021 981 1020 1022 1061
1022 982 1021 1023 1062
1023 1022 1024 1063
1024 984 1023 1025 1064
1025 985 1024 1026
1026 986 1025 1027 1066
1027 987 1026 1028 1067
1028 988 1027 1029 1068
1029 989 1028 1030 1069
1030 990 1029 1031 1070
1031 991 1030 1032 1071
1032 992 1031 1033 1072
1033 993 1032 1034 1073
1034 994 1033 1035 1074
1035 1034 1036 1075
1036 996 1035 1037 1076
1037 997 1036 1038 1077
1038 998 1037 1078
1039 999
1040 1041 1080
1041 1001 1040 1042 1081
1042 1002 1041 1043 1082
1043 1003 1042 1044 1083
1044 1004 1043 1045 1084
1045 1005 1044 1046 1085
1046 1006 1045 1047 1086
1047 1046 1048 1087
1048 1008 1047 1049 1088
1049 1009 1048 1089
1050 1010 1051 1090
1051 1011 1050 1052 1091
1052 1012 1051 1092
1053 1054 1093
1054 1014 1053 1055 1094
1055 1015 1054 1056 1095
1056 1016 1055 1057 1096
1057 1056 1058 1097
1058 1018 1057 1059 1098
1059 1058 1060 1099
1060 1020 1059 1061 1100
1061 1021 1060 1062 1101
1062 1022 1061 1063 1102
1063 1023 1062 1064 1103
1064 1024 1063 1065 1104
1065 1064 1066 1105
1066 1026 1065 1106
1067 1027 1068 1107
1068 1028 1067 1069 1108
1069 1029 1068 1070 1109
1070 1030 1069 1071 1110
1071 1031 1070 1072 1111
1072 1032 1071 1073 1112
1073 1033 1072 1074 1113
1074 1034 1073 1075 1114
1075 1035 1074 1115
1076 1036 1077 1116
1077 1037 1076 1078 1117
1078 1038 1077 1079 1118
1079 1078
1080 1040 1081 1120
1081 1041 1080 1082 1121
1082 1042 1081 1083 1122
1083 1043 1082 1084 1123
1084 1044 1083 1085 1124
1085 1045 1084 1086
1086 1046 1085 1087 1126
1087 1047 1086 1127
1088 1048 1089 1128
1089 1049 1088 1090 1129
1090 1050 1089 1091 1130
1091 1051 1090 1092 1131
1092 1052 1091 1093 1132
1093 1053 1092 1094 1133
1094 1054 1093 1095 1134
1095 1055 1094 1135
1096 1056 1097 1136
1097 1057 1096 1098 1137
1098 1058 1097 1099 1138
1099 1059 1098 1100 1139
1100 1060 1099 1101 1140
1101 1061 1100
1102 1062 1103 1142
1103 1063 1102 1104 1143
1104 1064 1103 1105 1144
1105 1065 1104 1106 1145
1106 1066 1105 1107 1146
1107 1067 1106 1108 1147
1108 1068 1107 1109 1148
1109 1069 1108 1110 1149
1110 1070 1109 1111 1150
1111 1071 1110 1112 1151
1112 1072 1111 1113 1152
1113 1073 1112 1114 1153
1114 1074 1113 1115 1154
1115 1075 1114 1155
1116 1076 1156
1117 1077 1118 1157
1118 1078 1117 1119 1158
1119 1118 1159
1120 1080 1121 1160
1121 1081 1120 1122 1161
1122 1082 1121 1123 1162
1123 1083 1122 1124 1163
1124 1084 1123 1125 1164
1125 1124 1126 1165
1126 1086 1125 1127 1166
1127 1087 1126 1167
1128 1088 1129 1168
1129 1089 1128 1130 1169
1130 1090 1129 1170
1131 1091 1132 1171
1132 1092 1131 1133
1133 1093 1132 1134 1173
1134 1094 1133 1135 1174
1135 1095 1134 1136 1175
1136 1096 1135 1137 1176
1137 1097 1136 1177
1138 1098 1139 1178
1139 1099 1138 1140 1179
1140 1100 1139 1180
1141 1142 1181
1142 1102 1141 1143 1182
1143 1103 1142 1144 1183
1144 1104 1143 1145 1184
1145 1105 1144 1146 1185
1146 1106 1145 1147 1186
1147 1107 1146 1148 1187
1148 1108 1147 1149 1188
1149 1109 1148 1150 1189
1150 1110 1149 1151 1190
1151 1111 1150 1152
1152 1112 1151 1153 1192
1153 1113 1152 1154 1193
1154 1114 1153 1155 1194
1155 1115 1154 1156 1195
1156 1116 1155 1157 1196
1157 1117 1156 1158 1197
1158 1118 1157 1159 1198
1159 1119 1158 1199
1160 1120 1161 1200
1161 1121 1160 1162 1201
1162 1122 1161 1163
1163 1123 1162 1164 1203
1164 1124 1163 1165 1204
1165 1125 1164 1166 1205
1166 1126 1165 1167 1206
1167 1127 1166 1168 1207
1168 1128 1167 1169 1208
1169 1129 1168 1170 1209
1170 1130 1169 1171 1210
1171 1131 1170 1172
1172 1171 1173 1212
1173 1133 1172 1174
1174 1134 1173 1175
1175 1135 1174 1176 1215
1176 1136 1175 1177 1216
1177 1137 1176 1178 1217
1178 1138 1177 1218
1179 1139 1180 1219
1180 1140 1179 1181 1220
1181 1141 1180 1182 1221
1182 1142 1181 1183 1222
1183 1143 1182 1184 1223
1184 1144 1183 1185 1224
1185 1145 1184 1186 1225
1186 1146 1185 1187 1226
1187 1147 1186 1188 1227
1188 1148 1187 1228
1189 1149 1190 1229
1190 1150 1189 1191 1230
1191 1190 1192
1192 1152 1191 1193 1232
1193 1153 1192 1194 1233
1194 1154 1193 1195 1234
1195 1155 1194 1196 1235
1196 1156 1195 1197 1236
1197 1157 1196 1198 1237
1198 1158 1197 1199
1199 1159 1198 1239
1200 1160 1201 1240
1201 1161 1200 1202 1241
1202 1201 1203 1242
1203 1163 1202 1243
1204 1164 1205 1244
1205 1165 1204 1206 1245
1206 1166 1205 1207 1246
1207 1167 1206 1208 1247
1208 1168 1207 1209 1248
1209 1169 1208 1249
1210 1170 1211 1250
1211 1210 1212 1251
1212 1172 1211 1213 1252
1213 1212 1214 1253
1214 1213 1254
1215 1175 1216 1255
1216 1176 1215 1217 1256
1217 1177 1216 1218 1257
1218 1178 1217 1219 1258
1219 1179 1218 1220 1259
1220 1180 1219 1221 1260
1221 1181 1220 1222
1222 1182 1221 1223 1262
1223 1183 1222 1224
1224 1184 1223 1225 1264
1225 1185 1224 1226 1265
1226 1186 1225 1227 1266
1227 1187 1226 1228 1267
1228 1188 1227 1268
1229 1189 1230 1269
1230 1190 1229 1231 1270
1231 1230 1232 1271
1232 1192 1231 1233 1272
1233 1193 1232 1234 1273
1234 1194 1233 1235 1274
1235 1195 1234 1236 1275
1236 1196 1235 1237 1276
1237 1197 1236 1238 1277
1238 1237 1239 1278
1239 1199 1238 1279
1240 1200 1241 1280
1241 1201 1240 1242 1281
1242 1202 1241 1243 1282
1243 1203 1242 1244 1283
1244 1204 1243 1245 1284
1245 1205 1244 1246 1285
1246 1206 1245 1247 1286
1247 1207 1246 1248 1287
1248 1208 1247 1249
1249 1209 1248 1250 1289
1250 1210 1249 1251 1290
1251 1211 1250 1291
1252 1212 1253 1292
1253 1213 1252 1254 1293
1254 1214 1253 1255 1294
1255 1215 1254 1256 1295
1256 1216 1255 1257 1296
1257 1217 1256 1258 1297
1258 1218 1257 1259 1298
1259 1219 1258 1260 1299
1260 1220 1259 1261 1300
1261 1260 1262
1262 1222 1261 1302
1263 1264 1303
1264 1224 1263 1265 1304
1265 1225 1264 1266 1305
1266 1226 1265 1267 1306
1267 1227 1266 1268 1307
1268 1228 1267 1269 1308
1269 1229 1268 1270 1309
1270 1230 1269 1271 1310
1271 1231 1270 1272 1311
1272 1232 1271 1312
1273 1233 1274 1313
1274 1234 1273 1275 1314
1275 1235 1274 1276 1315
1276 1236 1275 1316
1277 1237 1278 1317
1278 1238 1277 1279
1279 1239 1278 1319
1280 1240 1281 1320
1281 1241 1280 1282 1321
1282 1242 1281 1283 1322
1283 1243 1282 1284 1323
1284 1244 1283 1285 1324
1285 1245 1284 1286 1325
1286 1246 1285 1326
1287 1247 1288 1327
1288 1287 1289 1328
1289 1249 1288 1290 1329
1290 1250 1289 1291 1330
1291 1251 1290 1292 1331
1292 1252 1291 1293 1332
1293 1253 1292 1294 1333
1294 1254 1293 1295 1334
1295 1255 1294 1296 1335
1296 1256 1295 1297
1297 1257 1296 1298 1337
1298 1258 1297 1338
1299 1259 1300 1339
1300 1260 1299 1301 1340
1301 1300 1302 1341
1302 1262 1301 1303 1342
1303 1263 1302 1304 1343
1304 1264 1303
1305 1265 1306 1345
1306 1266 1305 1307 1346
1307 1267 1306 1308 1347
1308 1268 1307 1309 1348
1309 1269 1308 1310 1349
1310 1270 1309 1311 1350
1311 1271 1310 1312 1351
1312 1272 1311 1313 1352
1313 1273 1312 1314 1353
1314 1274 1313 1315 1354
1315 1275 1314 1316 1355
1316 1276 1315 1317 1356
1317 1277 1316 1357
1318 1319 1358
1319 1279 1318 1359
1320 1280 1321
1321 1281 1320 1322 1361
1322 1282 1321 1323 1362
1323 1283 1322 1324 1363
1324 1284 1323 1325 1364
1325 1285 1324 1326 1365
1326 1286 1325 1327 1366
1327 1287 1326 1328 1367
1328 1288 1327 1329 1368
1329 1289 1328 1330 1369
1330 1290 1329 1331 1370
1331 1291 1330 1332 1371
1332 1292 1331 1333 1372
1333 1293 1332 1334
1334 1294 1333 1374
1335 1295 1336 1375
1336 1335 1337
1337 1297 1336 1338 1377
1338 1298 1337 1339 1378
1339 1299 1338 1340 1379
1340 1300 1339 1341
1341 1301 1340 1342 1381
1342 1302 1341 1343 1382
1343 1303 1342 1344 1383
1344 1343 1345 1384
1345 1305 1344 1346 1385
1346 1306 1345 1347 1386
1347 1307 1346 1348
1348 1308 1347 1349
1349 1309 1348 1350 1389
1350 1310 1349 1351 1390
1351 1311 1350 1391
1352 1312 1353 1392
1353 1313 1352 1354 1393
1354 1314 1353 1355 1394
1355 1315 1354 1356 1395
1356 1316 1355 1357 1396
1357 1317 1356 1358 1397
1358 1318 1357 1359 1398
1359 1319 1358 1399
1360 1361 1400
1361 1321 1360 1362 1401
1362 1322 1361 1363
1363 1323 1362 1364 1403
1364 1324 1363 1365 1404
1365 1325 1364 1366 1405
1366 1326 1365 1406
1367 1327 1407
1368 1328 1369 1408
1369 1329 1368 1370 1409
1370 1330 1369 1371 1410
1371 1331 1370 1372 1411
1372 1332 1371 1373 1412
1373 1372 1374 1413
1374 1334 1373 1375 1414
1375 1335 1374 1376
1376 1375 1377 1416
1377 1337 1376 1378 1417
1378 1338 1377 1379 1418
1379 1339 1378 1380 1419
1380 1379 1381 1420
1381 1341 1380 1382 1421
1382 1342 1381 1383 1422
1383 1343 1382 1384 1423
1384 1344 1383 1424
1385 1345 1386 1425
1386 1346 1385 1387 1426
1387 1386 1388 1427
1388 1387 1389 1428
1389 1349 1388 1390 1429
1390 1350 1389 1391
1391 1351 1390 1392 1431
1392 1352 1391 1393 1432
1393 1353 1392 1394 1433
1394 1354 1393 1434
1395 1355 1435
1396 1356 1397
1397 1357 1396 1398
1398 1358 1397 1399
1399 1359 1398 1439
1400 1360 1401 1440
1401 1361 1400 1402
1402 1401 1403
1403 1363 1402 1404 1443
1404 1364 1403 1405 1444
1405 1365 1404 1406 1445
1406 1366 1405 1407 1446
1407 1367 1406 1408 1447
1408 1368 1407 1409 1448
1409 1369 1408 1410 1449
1410 1370 1409 1411 1450
1411 1371 1410 1412 1451
1412 1372 1411 1413 1452
1413 1373 1412 1414 1453
1414 1374 1413 1415 1454
1415 1414 1416 1455
1416 1376 1415 1417 1456
1417 1377 1416 1418 1457
1418 1378 1417 1419 1458
1419 1379 1418 1420 1459
1420 1380 1419 1421 1460
1421 1381 1420 1461
1422 1382 1423 1462
1423 1383 1422 1424 1463
1424 1384 1423 1425 1464
1425 1385 1424 1426 1465
1426 1386 1425 1427 1466
1427 1387 1426 1428 1467
1428 1388 1427 1429
1429 1389 1428 1430 1469
1430 1429 1431 1470
1431 1391 1430 1432 1471
1432 1392 1431 1433 1472
1433 1393 1432 1434
1434 1394 1433 1435 1474
1435 1395 1434 1436 1475
1436 1435 1437 1476
1437 1436 1438 1477
1438 1437 1439 1478
1439 1399 1438 1479
1440 1400 1441 1480
1441 1440 1442
1442 1441 1443 1482
1443 1403 1442 1444 1483
1444 1404 1443 1445 1484
1445 1405 1444 1446 1485
1446 1406 1445 1447 1486
1447 1407 1446 1448 1487
1448 1408 1447 1449 1488
1449 1409 1448 1450 1489
1450 1410 1449 1451 1490
1451 1411 1450 1452 1491
1452 1412 1451 1453
1453 1413 1452 1454 1493
1454 1414 1453 1455 1494
1455 1415 1454 1456 1495
1456 1416 1455 1457 1496
1457 1417 1456 1458 1497
1458 1418 1457 1459
1459 1419 1458 1460 1499
1460 1420 1459 1461 1500
1461 1421 1460 1462
1462 1422 1461 1463 1502
1463 1423 1462 1464 1503
1464 1424 1463 1465 1504
1465 1425 1464 1466
1466 1426 1465 1467
1467 1427 1466 1468 1507
1468 1467 1469 1508
1469 1429 1468 1470 1509
1470 1430 1469 1471 1510
1471 1431 1470 1472 1511
1472 1432 1471 1473 1512
1473 1472 1474 1513
1474 1434 1473 1475 1514
1475 1435 1474 1476 1515
1476 1436 1475 1477 1516
1477 1437 1476 1478 1517
1478 1438 1477 1479 1518
1479 1439 1478 1519
1480 1440 1481 1520
1481 1480 1482 1521
1482 1442 1481 1483 1522
1483 1443 1482 1484 1523
1484 1444 1483 1485 1524
1485 1445 1484 1486 1525
1486 1446 1485 1487 1526
1487 1447 1486 1488 1527
1488 1448 1487 1489 1528
1489 1449 1488 1490 1529
1490 1450 1489 1491 1530
1491 1451 1490 1492
1492 1491 1532
1493 1453
1494 1454 1495 1534
1495 1455 1494 1496 1535
1496 1456 1495 1536
1497 1457 1537
1498 1499 1538
1499 1459 1498 1500 1539
1500 1460 1499 1501
1501 1500 1502 1541
1502 1462 1501 1503 1542
1503 1463 1502 1543
1504 1464 1544
1505 1506 1545
1506 1505 1507 1546
1507 1467 1506 1508 1547
1508 1468 1507 1509 1548
1509 1469 1508 1510 1549
1510 1470 1509 1511 1550
1511 1471 1510 1512 1551
1512 1472 1511 1513
1513 1473 1512 1514 1553
1514 1474 1513 1515 1554
1515 1475 1514 1516 1555
1516 1476 1515 1517 1556
1517 1477 1516 1518 1557
1518 1478 1517 1519
1519 1479 1518 1559
1520 1480 1521 1560
1521 1481 1520 1522 1561
1522 1482 1521
1523 1483 1524 1563
1524 1484 1523 1525 1564
1525 1485 1524 1526 1565
1526 1486 1525 1566
1527 1487 1567
1528 1488 1568
1529 1489 1530 1569
1530 1490 1529 1531 1570
1531 1530 1532 1571
1532 1492 1531 1533 1572
1533 1532 1534 1573
1534 1494 1533 1535 1574
1535 1495 1534 1536 1575
1536 1496 1535 1537 1576
1537 1497 1536 1538 1577
1538 1498 1537 1539 1578
1539 1499 1538 1540 1579
1540 1539 1541
1541 1501 1540 1542 1581
1542 1502 1541 1543 1582
1543 1503 1542 1544 1583
1544 1504 1543 1545 1584
1545 1505 1544 1546
1546 1506 1545 1547 1586
1547 1507 1546 1548 1587
1548 1508 1547 1549
1549 1509 1548 1550 1589
1550 1510 1549 1551 1590
1551 1511 1550 1552
1552 1551 1553 1592
1553 1513 1552 1554
1554 1514 1553 1555 1594
1555 1515 1554 1556 1595
1556 1516 1555 1557 1596
1557 1517 1556 1558 1597
1558 1557 1559 1598
1559 1519 1558 1599
1560 1520 1561
1561 1521 1560 1562
1562 1561 1563
1563 1523 1562 1564
1564 1524 1563
1565 1525 1566
1566 1526 1565 1567
1567 1527 1566 1568
1568 1528 1567
1569 1529 1570
1570 1530 1569 1571
1571 1531 1570 1572
1572 1532 1571 1573
1573 1533 1572 1574
1574 1534 1573 1575
1575 1535 1574 1576
1576 1536 1575 1577
1577 1537 1576 1578
1578 1538 1577 1579
1579 1539 1578 1580
1580 1579 1581
1581 1541 1580
1582 1542 1583
1583 1543 1582 1584
1584 1544 1583
1585 1586
1586 1546 1585 1587
1587 1547 1586 1588
1588 1587
1589 1549 1590
1590 1550 1589 1591
1591 1590 1592
1592 1552 1591 1593
1593 1592 1594
1594 1554 1593 1595
1595 1555 1594 1596
1596 1556 1595 1597
1597 1557 1596 1598
1598 1558 1597 1599
1599 1559 1598
