10
0 (0, 0)
1 (0, 1)
2 (0, 2)
3 (0, 3)
4 (0, 4)
5 (0, 5)
6 (0, 6)
7 (0, 7)
8 (0, 8)
9 (0, 9)
10 (1, 0)
11 (1, 1)
12 (1, 2)
13 (1, 3)
14 (1, 4)
15 (1, 5)
16 (1, 6)
17 (1, 7)
18 (1, 8)
19 (1, 9)
20 (2, 0)
21 (2, 1)
22 (2, 2)
23 (2, 3)
24 (2, 4)
25 (2, 5)
26 (2, 6)
27 (2, 7)
28 (2, 8)
29 (2, 9)
30 (3, 0)
31 (3, 1)
32 (3, 2)
33 (3, 3)
34 (3, 4)
35 (3, 5)
36 (3, 6)
37 (3, 7)
38 (3, 8)
39 (3, 9)
40 (4, 0)
41 (4, 1)
42 (4, 2)
43 (4, 3)
44 (4, 4)
45 (4, 5)
46 (4, 6)
47 (4, 7)
48 (4, 8)
49 (4, 9)
50 (5, 0)
51 (5, 1)
52 (5, 2)
53 (5, 3)
54 (5, 4)
55 (5, 5)
56 (5, 6)
57 (5, 7)
58 (5, 8)
59 (5, 9)
60 (6, 0)
61 (6, 1)
62 (6, 2)
63 (6, 3)
64 (6, 4)
65 (6, 5)
66 (6, 6)
67 (6, 7)
68 (6, 8)
69 (6, 9)
70 (7, 0)
71 (7, 1)
72 (7, 2)
73 (7, 3)
74 (7, 4)
75 (7, 5)
76 (7, 6)
77 (7, 7)
78 (7, 8)
79 (7, 9)
80 (8, 0)
81 (8, 1)
82 (8, 2)
83 (8, 3)
84 (8, 4)
85 (8, 5)
86 (8, 6)
87 (8, 7)
88 (8, 8)
89 (8, 9)
90 (9, 0)
91 (9, 1)
92 (9, 2)
93 (9, 3)
94 (9, 4)
95 (9, 5)
96 (9, 6)
97 (9, 7)
98 (9, 8)
99 (9, 9)
0 10
1 2 11
2 1 3 12
3 2 4 13
4 3 5
5 4 6 15
6 5 16
7 8 17
8 7 9 18
9 8 19
10 0 11 20
11 1 10 12 21
12 2 11
13 3 14
14 13 15
15 5 14 16 25
16 6 15 17
17 7 16 18 27
18 8 17 19 28
19 9 18 29
20 10 21 30
21 11 20 22 31
22 21 23 32
23 22 33
24 34
25 15 35
26 27 36
27 17 26 37
28 18
29 19 39
30 20 31 40
31 21 30 32 41
32 22 31 33 42
33 23 32 34 43
34 24 33 35 44
35 25 34 36 45
36 26 35 37 46
37 27 36 47
38 39 48
39 29 38
40 30 41
41 31 40 51
42 32 43 52
43 33 42 44 53
44 34 43 54
45 35 46
46 36 45 47 56
47 37 46 48 57
48 38 47 49
49 48 59
50 51 60
51 41 50 52
52 42 51 62
53 43 54 63
54 44 53 55 64
55 54 56 65
56 46 55 57 66
57 47 56 58 67
58 57 68
59 49 69
60 50 61 70
61 60 62 71
62 52 61 63
63 53 62 64
64 54 63 65 74
65 55 64 66 75
66 56 65 76
67 57 68 77
68 58 67 69 78
69 59 68 79
70 60 71 80
71 61 70 72 81
72 71 73 82
73 72 74 83
74 64 73 75 84
75 65 74 76 85
76 66 75 77 86
77 67 76 78 87
78 68 77 79
79 69 78 89
80 70 81 90
81 71 80 91
82 72 83 92
83 73 82 84 93
84 74 83 85 94
85 75 84 95
86 76 87 96
87 77 86 88 97
88 87 89 98
89 79 88 99
90 80 91
91 81 90 92
92 82 91 93
93 83 92 94
94 84 93 95
95 85 94 96
96 86 95
97 87 98
98 88 97 99
99 89 98
